80
11111111111111111111111111111111111111111111111111111111111111111111111111111111
11111111111111111111111111111111111111111111111111111111111111111111111111111111
11111111111101111111111100000000000000000000001111111111111111111111111111111111
11111111111101111111111101111111111111111111101111111111111111111111111111111111
11111111111101111111111101111111100001111111101111111111111111111111111111111111
11111111111101111111111101111111101101111111101111111111111111111111111111111111
11111111111101111111111100000000001101111111101111111111111111111111111111111111
11111111111101111111111111111111111101111111101111111111111111111111111111111111
11111111111101111111111111111111111101111111101111111111111111111111111111111111
11111111111100000000000000000000000001111110101111111111111111111111111111111011
11111111111111111111111111111010011111111011100111111111111111111111111111110111
11111111111111111111111111001111101111010111110011110111111111111111111111110111
11111111111111111111111101111111111010111111111001111011111111111111111111101111
11110111111111111111101011111111111101111111111100111101011111111111111111101111
11110111111111111111011111111111111111111111111110011111101111111111111111101111
11111011111111110101111111111111111111111111111111011111110101111111111111101111
11111011111110101111111111000000000000000000000000011111111110111111111111011111
11111110010101111111111111111111111111111111111011111111111111001111111111011111
11111111101111111111111111111111111111111111111011111111111111111001111110111111
11111111111111111111111111111111111111111110000000000001111111111101111110111111
11111111111111111111111111111111111111111111111100001111111111111110101000011111
11111100111111111111111111111111111111111111111111000011111111111111011100101111
11111110111111111111111111111111100000011111111111111000000001111111110010011111
11111111011111111111111111111111101111000000000000000111111100000001110000100111
11111111100111111111111111111111100111111111111111110000000010101100000111001111
11111111110100111111111111111111110001111111111111111111111000000001101111110111
11111111111111011111111111111111111100011111111111111111111111111101001111111011
11111111111111101111111111111111111111000011111111111111111111111110111111111111
11111111111111101011111111111111111111011100111111111111111111111111111111111111
11111111111111111101011111111111111111001111111111111111111111111111111111111111
11111111111111111111101011111111111111100111111111111111111111111111111111111111
11111111111111111111111101111111111111110001111111111111111111111111111111111111
11111111111111111111111111111111111111111100011111111111111111111111111111111111
11111111111111111111111111111111111111111100000000111111111111111111111111111111
11111100111111111111111111111111111111111111110000001111111111111111111111111111
11111110111111111111111111111111111111111111111111100000011111111111111111111111
11111100011111111111111111111111111111111111111111111111000000111111111111111111
11111110001111111111111111111111111111111111111111111111111100000111111111111111
11111111100011111111111111111111111111111111111111111111111111101111111111111111
11111111111000011111111111111111111111111111111111111111111111101111111111111111
11111111111111011111111111111111111111111111111111111111111111100111111111111111
11111111111111000000011111111111111111111111111111111111111111101111111111111111
11111111111111110000111111111111100000000000000000000000000000001111111111111111
11111111111111111011011111111111111111111111100111111111100111111111111111111111
11111111111111110001111111111111111111111111110111111111101111111111111111111111
11111111111111110100000000000000000000001111110111111111110111111111111111111111
11111111111111111111111011111111111111111111110111111111111111111111111111111111
11111111111111111111111001111111111111100000000000001111111111111111111111111111
11111111111111111111111100011111111111110011100011100111111111111111111111111111
11111111111111111111111111001111111111111111111111110011111111111111111111111111
11111111111111111111111111001111111111111111111111111001111111111111111111111111
11111111111111111111111111100000011111111111111111111101111111111111111111111111
11111111111111111111111111111111000111111111111111111100111111111111111111111111
11111111111111111111111111111111110011111111111111111110111111111111111111111111
11111111111111111111111111111111111011111111111111111110011111111111111111111111
11111111111111111111111111111111111000000000011111111111011111111111111111111111
11111111111111111111111111111111111111111111000000000000011111111111111111111111
11111111111111111111111111111111111111111111111111111111111111111111111111111111
11111111111111111111111111111111111111111111111111111111111111111111111111111111
11111111111111111111111111111111111111111111111111111111111111111111111111111111
11111111111111111111111111111111111111111111111111111111111111111111111111111111
11111111111111111111111111111111111111111111111111111111111111111111111111111111
11111111111111111111111111111111111111111111111111111111111111111111111111111111
11111111111111111111111111111111111111111111111111111111111111111111111111111111
11111111111111111111111111111111111111111111111111111111111111111111111111111111
11111111111111111111111111111111111111111111111111111111111111111111111111111111
11111111111111111111111111111111111111111111111111111111111111111111111111111111
11111111111111111111111111111111111111111111111111111111111111111111111111111111
11111111111111111111111111111111111111111111111111111111111111111111111111111111
11111111111111111111111111111111111111111111111111111111111111111111111111111111
11111111111111111111111111111111111111111111111111111111111111111111111111111111
11111111111111111111111111111111111111111111111111111111111111111111111111111111
11111111111111111111111111111111111111111111111111111111111111111111111111111111
11111111111111111111111111111111111111111111111111111111111111111111111111111111
11111111111111111111111111111111111111111111111111111111111111111111111111111111
11111111111111111111111111111111111111111111111111111111111111111111111111111111
11111111111111111111111111111111111111111111111111111111111111111111111111111111
11111111111111111111111111111111111111111111111111111111111111111111111111111111
11111111111111111111111111111111111111111111111111111111111111111111111111111111
11111111111111111111111111111111111111111111111111111111111111111111111111111111
3 13
35 7
