50
11111111111111111111111111111111111111111111111111
11111111111111111111111111111111111111111111111111
11111111111111100000000000001111111111111111111111
11111110000000000000111101111111111111111111111111
11111111111000111111111101111111111111111111111111
11111111111101111111111101111111111000111111111111
11111111111101111111110000000000000000000011111111
11111111111100111111110111111111111111111000000111
11111111111001100000000111111111111111000000111111
11111111110011111011111111111111111111111011111111
11111111110011111001111111111111111111111111111111
11111111111011111011000111111111111111111111111111
11111111111011111011010111111111111111111111111111
11111111111011111000010111111111111111111111111111
11111111111011111111100111111111111111111111111111
11111111111011111110001111111111111111111111111111
11111111111000000010111111111111111111111111111111
11111111111111111000111111111111111111111111111111
11111111111111111110111111111111111111111111111111
11111111111111111110000000001111111111111111111111
11111111111111111111111111101111111111111111111111
11111111111111111111111111101111111111111111111111
11111111111111111111111111101111111111111111111111
11111111111111111111111111101111111111111111111111
11111111111111111111111111101111111111111111111111
11111111111111111111111111101111111111111111111111
11111011111111111111111111101111111111111111111111
11111011111111111111111111101111111111111111111111
11111000000000000000000000001111111111111111111111
11111111111111111111111111111111111111111111111111
11111111111111111111111111111111111111111111111111
11111111111111111111111111111111111111111111111111
11111111111111111111111111111111111111111111111111
11111111111111111111111111111111111111111111111111
11111111111111111111111111111111111111111111111111
11111111111111111111111111111111111111111111111111
11111111111111111111111111111111111111111111111111
11111111111111111111111111111111111111111111111111
11111111111111111111111111111111111111111111111111
11111111111111111111111111111111111111111111111111
11111111111111111111111111111111111111111111111111
11111111111111111111111111111111111111111111111111
11111111111111111111111111111111111111111111111111
11111111111111111111111111111111111111111111111111
11111111111111111111111111111111111111111111111111
11111111111111111111111111111111111111111111111111
11111111111111111111111111111111111111111111111111
11111111111111111111111111111111111111111111111111
11111111111111111111111111111111111111111111111111
11111111111111111111111111111111111111111111111111
7 23
27 6

