100 100
-59 -85 -86 -85 62 -38 30 -4 -26 48 -81 -47 -39 -84 34 65 37 -96 -13 -87 -47 -80 52 -68 72 -58 54 -76 -9 47 18 -74 21 -12 32 -14 -21 -38 -91 -44 61 91 -9 97 -65 -16 36 75 61 32 -2 64 -96 65 64 100 -58 41 47 62 34 68 -31 78 95 66 0 62 -67 98 -88 51 -4 -45 -1 44 98 36 48 69 88 92 21 -56 -87 51 -92 93 -7 -27 0 -84 65 -84 26 40 -55 16 -36 14
-57 71 -28 -43 76 -39 -90 -64 90 -68 45 -98 -10 77 -41 68 -24 -30 -97 -59 -66 -53 -22 -39 62 -47 47 72 -28 38 -75 88 10 9 -35 -55 -2 -97 -31 22 -13 9 99 -25 -53 -44 10 -34 -46 -84 91 -2 51 -16 78 -87 -40 -13 3 99 -37 42 -4 -36 0 -22 77 95 -75 34 -48 34 18 17 -46 88 95 -61 -59 79 50 -4 -70 100 -26 -68 -87 -75 -97 55 21 22 22 -57 -45 97 68 8 5 49
88 -98 62 54 86 75 -47 68 -60 -71 -46 46 -91 13 23 -88 91 65 -32 -52 1 -30 42 -89 68 -45 -48 79 -22 -88 31 96 -47 71 15 73 65 21 18 -81 -75 68 -27 17 -70 46 -84 20 16 12 72 -2 -75 -8 -21 75 -73 -3 -20 28 68 6 56 1 -83 -99 71 -17 51 58 -79 -60 22 -45 88 -49 -71 -48 -71 -49 85 -18 -77 98 87 78 -99 76 0 -26 41 43 -29 40 -11 99 41 -57 -34 -79
-40 -35 40 30 78 93 32 96 0 53 -30 89 25 68 -81 43 75 -83 -37 -8 25 59 48 49 46 52 -44 -85 43 83 51 -7 66 -20 -85 -68 18 7 1 90 13 78 93 72 -49 47 -89 49 -41 -16 -47 79 56 -15 -13 -65 54 32 14 -15 13 -58 -8 91 -7 80 -88 9 -42 -47 -58 72 -1 -73 77 0 -30 -22 50 -96 -55 9 -62 -87 -15 -100 -7 9 -63 95 94 45 73 -74 31 -11 44 39 53 85
54 -68 61 -9 -8 5 8 23 -84 52 51 65 55 3 58 77 37 49 99 -23 -37 -3 31 83 -81 64 -36 31 -80 7 69 -37 64 -93 -86 50 -42 83 -74 45 97 -36 -39 74 45 94 -25 -37 -70 -90 12 -23 23 49 -89 36 -38 92 -10 -63 13 37 32 -68 80 50 29 89 -34 74 -55 -19 -54 -52 -34 -1 -14 -12 -71 71 61 67 45 70 38 -9 96 -6 0 -98 14 -25 -20 58 -98 27 97 2 89 -71
28 90 -1 -62 33 -97 -16 91 33 89 51 51 -38 -53 -95 -90 68 64 -54 -26 -14 86 64 -29 46 2 -55 -35 50 15 42 91 1 97 69 10 -28 -53 -72 -38 22 -45 -98 -84 -92 67 -43 -68 -65 2 -92 54 100 -38 -81 46 83 54 -89 -88 -32 40 -54 -62 -37 -54 -11 -68 -28 -3 -10 10 31 24 -56 91 58 -59 24 -58 14 -33 63 36 -91 88 43 52 47 -17 -43 -18 -71 -52 32 1 60 65 0 -97
67 29 -19 93 -30 40 63 89 -43 93 59 43 -59 35 66 65 -82 -40 3 -99 45 -94 -67 -26 -56 -96 -10 -26 8 77 2 13 26 -87 -17 -43 32 58 -94 -94 -4 -59 -89 78 21 77 -18 -90 1 9 62 -38 9 99 -90 27 47 48 51 -97 10 -3 48 46 23 5 -11 86 -39 -37 2 37 -66 63 -92 -67 -32 -31 84 78 28 72 56 -39 53 -7 -66 -2 -89 68 -89 0 -94 96 -80 100 35 85 -77 -72
63 31 54 27 0 2 14 51 22 -36 5 -91 -89 90 33 72 43 -29 7 -42 -38 -15 35 -8 87 -67 -18 -92 -58 46 -64 25 55 13 20 -51 9 -85 39 23 59 -75 61 58 -16 69 -98 -61 -32 -80 84 -41 -41 -94 72 -2 43 9 98 58 -64 36 67 57 -78 -90 -40 90 -5 -68 -22 54 78 75 -72 48 19 20 -53 -43 98 30 -7 -73 98 78 24 3 41 88 -43 28 -94 77 -61 1 94 68 22 2
0 -93 70 71 -59 -53 -45 60 -65 -37 67 -45 8 -22 8 32 61 37 -73 -68 14 16 6 26 35 -8 60 -71 -15 34 -73 66 -86 -55 -1 5 -7 52 76 -2 46 83 67 -54 59 -90 -57 42 70 -35 -98 -87 15 -68 -2 -89 85 51 12 62 -23 -63 70 10 -47 -58 25 20 -64 76 -35 71 -58 81 20 80 26 30 -98 -3 -18 52 -37 -23 -68 67 -97 -88 100 -36 4 32 50 -16 -7 45 -94 -76 31 89
-70 46 26 58 -18 -74 94 66 73 16 -75 50 -7 39 -73 -57 30 99 -57 95 -56 -56 5 -9 -61 -73 -23 97 -74 24 -64 34 73 59 76 -24 94 100 16 -51 87 35 24 -73 98 50 -39 39 -80 -71 32 -98 90 70 44 20 67 -75 -60 -49 11 -79 49 86 13 97 49 -6 28 -91 -33 97 -44 -36 -79 47 -6 83 79 -51 1 -12 -71 -59 -70 36 -63 -43 41 -41 3 6 85 -69 -22 11 -3 -47 59 -90
-92 36 94 -54 57 -17 -10 24 12 -21 -54 87 80 3 70 4 100 79 -22 -48 75 -84 -22 -12 -93 -67 88 23 -12 35 25 7 -64 -24 -44 29 93 45 88 -3 54 45 -32 -29 26 20 -49 -34 33 -5 1 92 41 68 -45 20 93 -11 -48 -8 -22 69 53 55 -83 6 91 -65 -64 3 91 -1 18 90 -11 40 76 -56 -73 -18 41 -49 24 -100 -67 -89 39 -93 -24 -15 79 98 -5 -9 32 -52 71 -96 -11 -35
26 -81 16 -88 -77 -89 -97 57 46 48 90 21 37 64 72 5 -98 33 -20 -30 -99 -67 -24 20 -6 -36 -83 -27 37 -76 70 41 -15 90 -57 25 -23 -44 40 -6 95 79 50 -32 18 16 24 -21 71 -77 36 -15 65 33 -94 -79 99 -89 0 -5 -90 12 60 -35 3 8 -77 85 -36 -24 49 15 62 -74 -70 -94 60 60 -74 73 -27 -80 -91 78 85 85 -24 -83 -72 -31 -67 -67 81 0 65 -67 -57 78 14 30
76 -33 -60 -62 -29 46 -68 -77 65 -38 3 -90 1 10 -78 -5 89 90 -4 -95 -51 1 -52 38 -99 26 45 -8 88 -2 77 28 14 70 63 3 -38 56 36 63 46 65 -61 20 -33 -29 -99 -23 -22 5 -95 -47 99 -75 -2 80 91 -74 -26 -13 19 -100 50 -100 -66 -93 -64 24 -31 -91 93 64 -8 -25 -17 -62 -14 44 -55 -22 22 -26 90 57 12 -19 94 37 35 47 39 -33 -36 87 70 0 -96 83 -92 24
-69 98 12 -75 -23 -51 -24 65 -69 -3 -55 64 57 27 -21 -14 -76 -79 -55 -53 -35 7 99 87 -19 -42 -65 55 25 -32 79 -15 -7 51 -21 23 -52 -49 93 50 19 -1 -7 -41 -51 -64 47 66 0 0 81 61 76 -37 -60 47 73 9 -10 -81 -9 -97 71 -52 -89 -87 -78 80 -78 -57 -73 -45 -80 75 87 -93 1 -48 92 17 -3 43 -42 53 -47 -70 -54 54 67 52 6 -81 28 -90 -64 -76 -30 -14 -65 -33
43 85 2 80 -93 -50 14 40 -14 -11 97 -29 -26 77 53 88 100 8 14 -95 21 4 86 7 97 76 -40 -5 -71 -57 15 63 66 95 46 -51 91 -24 -25 -93 37 77 34 -21 31 51 -21 -73 -6 -55 -57 31 -3 -51 6 -85 -95 -26 -9 28 -19 1 90 -79 -29 -64 98 79 -75 -60 37 -58 15 -2 39 15 -14 48 -17 -19 58 46 72 -46 -30 -63 -48 -98 25 68 99 -93 25 -72 -38 76 12 98 15 70
34 -18 39 98 -10 -2 -80 -82 -48 -97 63 59 84 1 -19 29 -44 -11 86 -71 -77 -8 -50 -11 -26 -92 78 -77 76 -40 8 -93 -69 78 79 -82 -37 -94 -46 21 51 -64 32 10 46 49 -77 -6 67 -14 -68 -33 -85 46 23 -76 98 63 -12 -19 -37 -49 2 -48 -47 44 31 96 67 79 -51 -36 37 27 55 86 3 -75 -78 -39 -74 -38 -31 -23 -80 -1 -23 30 -60 43 -66 -13 34 53 62 -26 26 -3 -82 2
-35 18 50 -99 -41 59 -59 5 -72 -78 -73 14 45 40 -38 -5 -79 0 16 70 22 85 -60 -75 -22 -75 -84 -54 -1 -32 59 -94 21 4 60 54 -40 96 -7 -96 3 54 -95 46 -10 -97 -45 82 -68 40 99 66 76 -1 -61 95 -23 25 -85 -95 -36 68 -92 9 -48 78 65 -11 86 62 -95 -60 82 99 -79 -49 -59 57 4 38 -42 -12 -3 0 36 24 56 -93 -2 -43 -67 8 -61 37 77 -24 12 -9 49 -56
-21 -55 -72 25 1 -83 85 38 94 -83 32 60 40 -10 41 85 52 -61 36 -16 -57 -55 96 0 -90 93 24 4 85 17 40 45 32 43 31 53 4 -59 -14 98 -64 1 3 -26 -76 -8 66 55 44 17 -2 51 -51 1 64 36 -48 -45 70 -50 37 -19 3 -22 62 -25 -68 -94 -25 78 -65 -39 71 -27 30 40 42 55 38 -86 -63 -92 -36 99 -71 77 58 88 -8 78 -65 -84 88 -46 -97 -82 -87 0 -95 25
-63 46 -61 58 77 55 -56 59 -21 -68 -99 -93 -22 -98 -83 -97 98 47 -62 -26 -20 45 25 -85 -4 -28 -17 -9 51 86 44 -26 89 -92 -50 66 -5 34 -38 51 -85 -81 0 15 -37 -51 61 -13 70 89 22 54 99 65 -8 78 51 -10 -51 76 -10 35 8 15 5 22 45 -79 -69 -58 -99 -46 92 34 43 -39 60 94 -77 84 -79 96 11 82 -67 3 40 -31 10 -30 -10 1 -89 -14 49 -4 -81 -76 82 -71
-85 -29 -26 4 -98 -30 -22 -5 -42 -81 32 -78 78 94 25 59 -93 -22 13 38 91 -75 3 78 -45 -66 71 -55 -70 64 68 10 76 -49 19 -30 62 97 -18 90 -64 -49 37 -14 -11 13 23 86 -24 -35 -94 -47 59 -83 14 -53 -9 -54 60 55 36 -85 -30 77 -44 81 79 82 -69 76 -78 75 39 19 97 -25 99 -9 -83 21 -83 -6 87 -41 -93 64 52 57 -53 -12 67 -17 84 -5 96 -14 -14 7 -14 -57
-35 94 -36 93 -4 22 -84 16 26 37 59 39 27 49 53 97 68 -18 76 -99 15 16 11 -28 -69 33 9 63 -78 40 -67 -59 65 42 -47 -82 -58 -8 -2 51 -54 82 73 -21 80 -63 -22 52 -23 72 -29 50 -90 99 -96 77 13 -46 -97 35 16 19 -55 -1 -77 39 22 29 -80 -2 77 -76 -7 83 17 13 -15 0 -53 -36 14 87 -50 -34 -53 -81 -16 87 -58 62 59 22 18 -47 35 24 -58 86 56 -91
72 90 -19 -58 -35 -74 -44 -41 14 35 67 51 52 65 -27 -21 -97 -13 8 71 -65 37 7 28 -5 99 70 -43 -92 57 71 -50 -83 -99 41 14 -39 80 0 96 -66 -30 49 26 -43 -64 -67 32 -1 -37 -37 -41 97 -97 15 92 -98 25 74 17 47 -60 -17 -54 -74 -67 63 12 -96 -13 61 -12 54 -87 63 -91 -66 45 -46 -20 -96 31 -39 3 -38 -10 -18 79 -47 -84 -31 -38 -83 -5 -82 -19 66 -53 79 77
58 -58 74 -61 -56 50 -96 -21 -43 -41 -58 69 -21 -56 -92 23 11 28 55 -45 -43 66 92 -17 -34 38 15 -89 -94 -100 -23 7 14 -82 93 35 97 80 35 85 -64 -44 45 97 29 67 -81 -38 46 -64 -58 -73 -86 54 96 -27 6 -38 -97 77 -19 -98 -70 -80 5 -72 48 -80 72 17 92 -57 -38 22 79 -98 74 61 -95 -71 46 -31 -18 -88 73 -98 -6 -31 41 -97 -59 68 27 -25 34 -7 94 40 -19 -34
-18 -25 -76 24 70 -59 -13 77 -85 -96 -96 -71 -28 3 -38 74 -94 -10 54 47 -3 65 -88 -46 -52 17 12 -61 -72 29 -49 96 3 23 -9 -82 -100 16 75 -28 33 93 -71 -81 -45 -32 13 63 68 93 12 74 55 46 -75 61 -9 -41 100 77 77 -93 73 85 40 -39 -96 76 47 49 1 23 47 -28 99 11 -50 0 -26 -21 61 89 57 65 28 31 50 -56 55 26 -13 -36 -78 60 18 23 91 40 -86 -98
-35 0 73 -48 -89 -16 24 -47 13 36 0 -80 -9 60 26 3 11 70 89 5 28 -39 98 -44 83 -27 47 83 77 -23 -24 55 -94 -11 77 -74 85 89 89 -90 99 33 -93 -95 65 -66 -35 -75 -60 79 -14 82 -72 55 -25 9 -48 14 76 -93 82 -32 14 1 -66 -18 72 58 -46 -77 99 12 -55 -30 2 -1 58 8 4 -16 46 -50 -92 -41 10 -22 -95 -59 35 -90 -29 88 -11 94 -94 34 0 -35 18 -26
-62 44 -74 -63 -29 32 80 53 12 -58 -13 -87 13 -67 -90 -9 -53 -96 28 28 47 95 -80 -26 23 20 -42 81 -14 62 47 -64 -40 -76 -31 -72 -96 58 -63 53 -48 -16 69 -60 55 -30 -39 -43 66 -73 31 -61 -36 -48 8 -58 -90 -96 33 17 -98 -80 29 0 -25 96 47 29 34 23 57 -21 -69 47 -15 99 -39 39 44 -21 97 -42 -58 -33 -48 -91 16 80 46 25 69 -23 15 -32 29 73 77 10 -77 -25
22 -70 -88 -60 94 -66 -86 -52 -89 11 -38 -28 -14 15 -44 44 91 95 0 26 0 -88 -53 -15 -83 -6 -86 1 -45 -35 -65 55 -35 99 -42 -48 -63 10 89 57 -67 -93 -64 7 -7 57 -10 4 -38 98 -55 -89 45 93 -2 72 96 47 -24 -65 -37 -33 36 -40 45 16 -67 84 -73 42 -15 -71 5 -50 -95 -34 -73 94 -10 -61 -56 -49 51 40 -12 -20 5 -83 0 22 85 -92 32 -68 2 94 21 -14 -8 67
33 -52 -99 -11 -57 29 56 -87 -67 -94 -74 -51 14 10 32 35 -82 -50 52 100 64 58 -83 15 -86 26 -28 -68 12 18 -97 63 -24 90 -34 15 99 11 57 -75 94 11 -52 -12 77 20 -22 100 85 -65 64 60 96 86 -61 13 37 97 -11 10 3 -62 -31 91 -98 26 87 -36 25 60 -92 13 25 3 30 71 -9 30 55 -79 99 43 -52 88 -46 -20 89 -73 -37 49 -19 -3 -31 64 28 -99 10 -64 -54 0
84 41 51 73 -72 -80 11 -97 87 89 65 -28 -70 78 -22 86 49 23 -97 93 -72 54 37 -88 -77 77 -50 4 -55 -85 51 74 -47 56 4 -30 -90 31 45 57 77 -24 -6 -86 72 -77 -16 47 -45 50 92 -100 3 18 84 8 -98 -70 0 -70 31 -50 14 60 21 -27 70 -19 -28 8 60 -23 89 59 22 1 11 23 -55 19 -68 8 -39 -23 81 -12 -11 -78 -34 79 -66 8 -98 -93 -80 -84 62 92 -41 90
46 78 -47 -70 -43 38 -65 78 8 26 59 29 -58 100 89 58 -5 -82 96 -12 -62 -14 -10 37 -24 74 -22 85 24 66 17 -58 50 57 -38 -93 -30 -91 -75 37 46 -88 -17 15 -56 -99 50 62 63 -69 -67 88 43 95 78 -26 -28 40 -98 2 8 -43 -59 -94 80 3 9 -14 80 -32 80 1 56 63 52 82 37 -61 11 -77 -11 76 32 0 45 -71 -90 77 -55 -35 56 89 87 1 68 -14 -80 85 -87 -28
65 -8 -98 -40 -54 50 -63 7 9 -6 18 -40 40 31 77 85 -8 -12 0 13 -36 61 -47 -98 0 -68 17 43 -73 -4 8 -76 41 89 46 -69 73 50 88 -61 -15 46 -4 100 5 -27 68 25 83 -28 59 82 -82 -90 -98 74 -59 -80 23 39 91 -99 -97 37 -16 -28 -4 0 -2 67 14 -47 42 92 -94 83 78 84 93 -56 -44 84 -43 28 49 36 58 -50 -53 4 -23 -32 -9 -60 -16 14 -48 -43 64 97
4 -49 82 -34 -40 11 -52 -4 -29 67 75 -26 54 -52 73 39 33 -11 -43 32 -18 -15 33 -79 -79 98 42 89 94 36 49 34 -9 -40 97 -82 -76 -9 0 14 39 -92 13 57 -53 -15 80 -2 -7 -85 -34 -99 23 -90 57 39 77 -84 -30 -47 -67 70 30 9 39 -34 -8 -39 57 -100 -76 33 -41 11 81 57 47 45 23 27 32 0 54 -99 -32 -47 88 -53 60 36 48 52 -76 -88 -66 -44 -85 -21 -34 -28
-42 75 -16 -89 56 42 13 -61 -31 73 98 -18 3 20 57 -12 -36 19 -73 0 4 73 -97 59 7 -80 2 20 -47 60 40 64 -52 -91 100 73 -7 -32 -52 -25 88 19 -19 -91 -67 62 71 -20 -58 69 -25 84 -55 50 -86 18 1 77 -21 11 -24 -15 -26 -8 48 -69 91 75 -10 -53 8 57 53 1 -75 -64 45 -92 -45 -46 16 67 17 31 70 30 -60 -98 -3 -39 90 59 95 -95 -83 35 2 -96 20 -23
67 70 -96 -59 -43 12 -86 -3 86 -33 -91 85 -70 2 -69 56 25 58 85 21 34 8 -78 -9 92 -51 -26 7 -82 39 -89 -72 8 -77 83 -9 -67 -21 33 14 -3 86 94 72 16 1 -36 55 42 -67 28 29 1 64 85 92 -58 19 41 36 -4 1 -30 -71 -65 77 -88 -95 80 -3 97 -31 89 13 -65 32 -79 -12 -50 99 -73 -11 -66 -67 -83 -29 14 85 -36 -43 -96 46 8 -66 72 -46 71 -39 -90 -77
28 -47 72 53 52 -84 65 94 27 10 -17 -18 -55 51 59 20 24 -4 2 35 -75 -70 -66 -1 95 34 -43 -80 -8 17 32 -85 -68 -35 -94 79 0 45 42 -23 28 -68 24 74 47 -7 41 79 13 50 -18 93 -54 16 -56 96 83 34 -74 69 -75 48 92 -37 -97 -11 -94 -76 96 55 94 17 -2 70 87 90 -5 -35 44 93 -28 69 -21 -61 -10 -75 4 100 80 61 -77 1 -42 59 98 -36 98 52 7 -61
-82 89 -52 44 -64 -5 95 24 -62 60 -72 -86 -24 20 75 -18 96 -19 53 -65 -16 38 -78 -29 34 -19 76 24 27 49 19 23 93 -80 27 70 -36 42 71 -81 -25 -16 44 -24 81 17 -32 19 3 58 78 82 -69 77 44 -10 -26 -56 93 -68 -17 46 -84 -8 -7 94 -88 -42 73 -79 -32 44 -86 1 34 -98 -45 -40 3 73 -94 70 66 94 15 -9 -68 7 91 -68 -78 90 -7 34 55 86 56 -57 -57 67
73 -68 -13 -100 86 47 -64 -26 -83 -60 -25 84 9 25 34 12 -46 77 -40 -69 19 -83 17 70 -27 82 97 78 -4 -3 2 94 -17 86 -73 68 4 -57 98 -64 29 77 49 -10 -88 -81 2 4 -18 -87 -18 -93 51 29 12 -58 -90 62 43 63 -73 -23 27 90 -78 -73 67 52 36 -38 -7 -89 2 85 46 -17 -62 -51 64 -36 80 43 39 63 84 -7 44 -47 -53 -32 18 23 -24 -41 55 33 83 -47 30 -34
-99 66 41 -90 -76 -87 -15 -80 -47 -5 -8 -57 39 7 44 80 21 72 43 33 42 64 38 53 7 67 -13 17 70 -100 91 46 30 44 -56 -25 72 -1 95 -73 88 34 94 -99 18 -57 87 4 -78 -2 -65 9 -9 -28 37 -50 6 39 -96 -47 98 -95 27 -82 -34 -64 -32 19 58 -85 -96 -25 68 -83 21 51 -91 87 0 63 -63 100 -69 54 -17 26 -82 7 0 61 -67 -83 53 -84 83 -38 9 -76 97 88
63 -8 59 1 -59 84 74 62 12 -16 -85 -59 -52 -20 42 58 -63 71 75 62 15 -54 -6 -59 98 26 39 27 -56 -3 -100 -80 62 82 22 86 -99 -63 -56 45 64 66 -55 -76 -35 81 -63 34 18 -48 45 -29 -59 0 32 65 2 -57 38 -76 21 82 20 61 20 -54 -47 -21 -58 22 -50 -86 87 65 -46 -67 81 79 -54 31 -66 1 -97 -32 -41 -54 -72 16 37 32 5 45 -7 -88 -53 82 60 94 -7 73
-68 80 57 30 31 89 -35 82 -77 51 92 -29 1 76 77 19 -82 86 -66 52 63 -63 85 23 92 -95 22 -9 68 11 25 -15 -86 91 -30 33 46 13 78 53 -29 -48 59 34 27 -13 68 44 8 -61 11 -12 65 86 -73 -99 24 83 -59 76 -47 -11 81 -34 16 -53 53 26 75 -35 53 -54 -95 -98 69 1 -80 -89 99 1 86 87 -18 84 4 -6 59 97 47 38 50 99 67 55 80 47 50 -77 -47 13
3 -64 10 89 50 1 27 -58 -32 -37 90 65 -24 -88 -84 -64 24 -81 -42 28 -21 -24 -45 -61 -91 83 -19 90 34 -51 -32 82 11 93 22 -25 -16 11 58 44 -82 34 78 59 69 -46 27 1 25 57 -53 97 71 -15 100 -34 -59 12 -71 -93 30 -81 -98 31 -14 97 63 -15 -58 -42 -5 90 -84 -20 -84 79 74 24 3 -82 -79 19 26 24 52 73 -27 -17 -72 94 -36 48 92 -77 17 20 5 -26 47 30
47 -61 -93 93 -62 36 -25 -60 65 27 -4 35 96 -21 -30 -28 -70 -73 44 -92 -72 89 86 78 -31 13 -67 -70 76 -81 40 37 -31 -43 88 1 55 -21 -57 8 -7 -18 99 -64 -42 30 -58 -45 -46 -38 24 -7 69 17 -42 -58 -13 60 36 -25 55 99 77 -28 50 41 -52 69 79 -96 29 32 -1 30 -95 -84 -11 97 89 -86 -93 53 -98 2 56 37 -56 90 -44 22 -35 -44 45 -33 -46 -34 30 -86 85 28
-89 42 34 -20 71 -1 -60 2 -28 98 -59 -28 -28 12 33 -44 72 57 4 34 -4 -94 -42 -60 73 1 -9 -53 -60 73 -10 36 75 24 -97 98 -48 13 1 -11 -37 34 -77 -57 -43 14 -13 -76 94 -25 53 82 -81 -64 -3 15 -84 82 -66 -57 -26 -66 -9 -96 -57 -6 86 -56 22 -3 99 50 -21 58 -18 -25 93 30 -52 29 42 59 76 0 21 81 26 11 -32 68 -65 85 -94 67 -86 26 -44 -31 -77 75
-39 67 1 -91 -42 -91 4 8 50 22 73 -68 63 -84 -85 -26 -21 68 11 20 -89 64 19 69 -18 64 -21 72 -99 -49 66 -100 40 -81 -9 1 97 -60 37 -45 10 -1 -76 -53 -90 -61 -46 -59 -64 34 63 34 91 -21 24 -74 78 -51 -68 33 23 64 -52 90 -48 -10 79 -36 25 54 -9 5 62 3 60 -25 -97 -51 -77 -43 -94 -1 91 10 2 84 51 1 -9 13 -37 -93 -39 -63 99 32 69 87 23 -9
51 95 -87 -21 95 40 -86 -9 41 54 -60 90 32 13 -47 9 85 -52 23 13 59 75 -38 78 68 5 72 -57 92 -8 17 -66 86 -20 95 -89 9 -95 24 -62 -69 33 6 68 -11 3 75 -10 -81 -99 -40 65 -93 92 -30 -1 -28 -17 -35 28 85 52 -12 38 67 -89 -46 -92 80 7 -81 9 -92 -72 -22 -16 46 -65 -19 -96 -14 86 -25 4 -60 -43 -30 -31 -68 -47 50 -4 70 52 -80 -54 26 -11 51 96
18 -60 58 -27 -80 70 51 -62 65 96 -19 -55 85 -11 100 -76 25 -98 -22 87 -24 -82 -32 100 -82 -24 -76 -57 23 11 44 16 85 32 16 72 -23 69 40 -38 -9 1 -95 0 -74 -68 42 54 -43 -68 72 -27 85 52 85 -94 -49 76 55 -41 39 58 38 -80 -20 27 -53 -29 -71 -53 8 76 22 95 -43 -74 79 61 -23 14 -73 25 28 -64 -99 53 -33 -2 -82 68 -74 12 -60 13 10 -74 80 55 -13 75
10 -58 74 72 71 3 -91 -48 14 -49 -49 -71 24 26 -6 11 42 -53 -90 -70 -100 -59 94 86 -1 -80 -21 95 12 -19 -29 1 0 -64 5 10 -43 -76 35 -89 17 -21 4 81 77 -93 86 0 -63 -20 5 98 -29 44 47 -98 50 73 27 56 51 9 -86 -14 -43 -91 60 38 79 6 -76 -87 78 -28 34 -84 22 54 -56 82 0 -100 -13 35 67 1 50 0 25 -92 31 95 -38 57 -74 84 4 -35 -5 98
-26 42 -41 35 -12 24 -62 80 -84 24 19 -46 -47 -36 -34 -73 98 1 11 -23 -89 -88 -40 40 -44 3 87 -70 32 2 18 -31 29 89 -80 19 -91 -54 -29 13 95 6 26 84 28 -48 -78 59 72 -30 -19 -60 -16 54 -84 60 64 -27 100 -28 36 38 -95 61 -5 38 -13 14 60 35 54 62 -48 -20 -8 -29 54 28 39 91 2 8 82 18 84 -62 11 -33 -97 -17 -41 -30 51 43 -94 -83 -58 33 75 -59
16 -30 -56 70 -31 91 41 15 -20 -19 23 -38 46 54 -94 57 18 45 17 92 17 61 58 -62 5 29 -35 -93 61 -81 50 40 48 79 -8 -96 60 18 4 12 10 -40 69 -24 38 -56 82 -60 -17 -23 37 49 89 -24 -93 78 -31 -97 37 -68 -94 -79 -89 16 64 8 -98 70 -9 -79 -46 8 81 -2 80 -57 1 -44 -61 -19 23 -5 -67 19 -86 -76 -8 -55 41 -78 -66 7 -99 25 25 -30 98 -80 -7 42
-86 -34 29 64 37 16 -48 81 85 -61 -100 -99 24 -77 18 41 1 -19 22 -99 4 -95 84 -1 13 -63 -34 34 -70 -100 33 93 -73 -85 51 53 55 57 14 20 -14 -18 -66 -20 88 -11 99 0 -85 1 79 -73 70 -34 63 60 74 71 -24 -71 31 38 29 -74 84 25 51 -70 83 73 -9 69 -91 -44 75 97 -69 -28 45 -46 -85 -97 59 -6 95 -100 39 -83 43 70 4 89 4 22 -56 89 27 9 81 -35
75 19 23 35 79 -94 79 0 81 64 -80 -57 -1 81 7 -34 -54 28 -76 -98 -46 -96 92 82 73 -1 91 57 13 -69 -26 -69 -7 -98 6 87 -31 -28 39 -77 20 -44 49 91 56 -64 -90 33 7 -79 76 -32 95 -84 0 -9 -46 -91 -16 -67 -87 93 -65 -34 36 -76 87 97 76 -55 -92 95 47 -95 -60 41 89 42 -35 82 98 -66 -32 -84 -92 -14 31 -61 33 -62 -83 -13 63 67 -88 -71 -79 -15 13 91
-15 37 -79 -5 52 55 0 -39 -91 -42 -92 31 -50 -84 -99 -76 34 31 5 20 76 41 15 -29 59 96 -96 11 -23 -60 92 -99 73 -40 -88 42 67 49 -78 -74 39 -9 96 92 -17 20 79 79 97 100 -49 96 -82 76 36 -85 92 74 65 64 15 22 -22 16 48 6 -28 81 93 87 -31 53 -94 57 -25 69 63 8 77 -8 63 69 -59 -37 -60 -55 60 81 -83 76 48 -35 88 88 82 89 -39 -53 -57 72
-78 56 91 22 -40 5 99 -80 12 -33 53 29 -11 -60 -21 63 69 82 45 -70 3 63 -43 81 -99 -28 90 10 45 -69 -87 -21 -49 98 -74 -39 -49 92 -48 5 -19 0 -47 -98 81 4 94 11 -1 -20 50 7 78 1 -21 -60 -40 46 -67 -35 -23 -92 34 48 82 -63 -62 64 81 -52 -6 67 -15 -83 -14 -96 71 -25 -20 -88 -22 41 -45 -11 74 10 -86 -53 62 83 33 -97 61 -11 -28 -49 -68 -19 43 -9
-17 76 61 -45 1 -5 77 -8 77 73 -51 36 -90 17 -86 77 -67 95 -100 -79 -22 69 -39 -11 85 33 -97 -81 -80 83 -40 -7 100 97 -46 -83 -47 93 -39 88 1 34 -61 86 8 -6 79 -56 13 48 -19 75 82 -43 97 64 26 -5 -70 -59 34 74 3 86 19 -2 90 62 -11 63 -89 -58 -75 -90 -92 14 -75 -86 99 87 -68 27 31 79 -41 85 -47 67 96 -20 -28 45 -79 82 -82 -32 8 15 15 67
-55 -17 45 51 78 58 38 -95 -50 87 -44 0 -60 -80 28 -71 46 35 6 -35 -81 80 85 80 -77 -84 -82 22 71 100 14 74 -93 -65 -33 67 -93 94 87 -55 -57 -96 66 -1 27 -38 -48 -29 21 -71 -16 -8 41 -81 76 23 -26 99 7 -7 9 32 77 -89 94 -24 -45 9 56 0 46 99 14 -20 -27 -87 -89 95 25 -45 -37 -59 -29 -83 91 -90 -25 48 54 97 -43 -6 64 -16 -36 -51 97 -15 -85 1
4 -47 -57 19 -17 -72 31 -71 52 37 4 -98 38 79 -33 90 -6 28 -52 -61 -64 39 63 -87 -84 -24 4 -23 82 -66 -11 -15 -26 -86 -39 34 -22 -67 -97 -7 -50 -91 -26 34 49 -13 -80 -24 5 -66 -54 -93 -78 -2 53 87 0 -37 84 25 0 34 3 92 -85 -42 41 -98 49 -43 40 32 -34 -44 93 88 77 -78 -42 -58 90 -32 40 26 -3 1 27 -94 32 -89 -11 68 -32 90 -70 34 -48 -22 3 6
81 74 -66 -92 -24 1 -92 -99 -16 -66 -9 -4 36 -9 -10 49 53 -39 -66 99 -84 77 42 -32 -57 31 17 -87 -11 99 -25 74 6 -80 -51 -97 -49 78 23 35 79 88 -9 -69 -99 95 36 -29 -12 99 77 63 52 81 65 -48 -44 -37 97 -92 -33 -5 15 -59 73 87 -91 -94 -98 78 74 34 93 -13 55 45 89 -64 38 -8 29 51 39 95 60 -71 60 40 -5 -2 -65 70 -17 63 1 -44 -27 -89 31 39
16 13 34 75 6 -5 81 52 -86 61 7 -16 44 -18 87 99 62 65 89 -68 38 -23 41 -97 -7 10 66 61 74 90 -51 -34 52 17 -90 68 -87 30 -90 15 -36 7 -61 24 23 -100 -23 51 62 97 -95 -40 -10 -18 1 1 -78 36 65 -56 -88 58 11 -88 -72 -30 76 -39 -86 -49 -60 7 -84 49 -13 5 -35 -97 -84 61 48 -97 -96 -51 -14 -53 -37 74 -41 2 -82 -79 64 -82 -3 76 45 13 9 69
-65 -8 -54 93 -80 97 -80 -65 -91 67 -50 9 41 18 -88 -42 -48 77 86 -38 39 14 46 -26 16 50 40 -69 -63 29 -89 59 -27 9 78 -44 93 100 76 3 75 73 -47 55 -75 -26 38 97 1 58 53 96 -82 67 47 85 -24 -74 -13 95 62 -18 65 -69 49 36 -71 17 -35 -28 -13 -67 -66 89 38 -7 39 -45 -12 -92 1 -35 36 -98 23 -58 93 -27 53 77 -18 98 -6 50 -62 19 65 -22 20 46
91 83 -47 -93 -44 72 -48 -54 -82 -71 42 -82 76 -81 29 79 -41 50 30 26 -3 -45 5 -74 64 -29 7 -21 -3 -91 41 60 -32 -52 55 -72 -48 -29 33 93 -78 33 67 77 18 70 59 -52 41 100 -81 -9 33 53 79 71 -32 89 -54 -86 -89 -62 14 -60 1 64 20 -86 -7 29 0 -92 -87 23 12 53 -52 -46 51 60 -95 -91 -70 -91 -65 -74 62 37 43 -57 24 7 -70 -48 24 44 3 -47 64 65
21 37 -48 -96 37 46 100 9 1 -20 8 -90 -50 -79 92 -96 -30 24 -59 56 -90 -44 100 -75 87 60 74 -87 -79 -54 92 20 24 64 87 14 -58 -86 -44 -34 -88 94 65 -89 32 58 74 -38 51 100 26 -20 -17 23 -25 -42 -76 -53 85 0 -94 17 40 84 65 -10 -92 -85 -41 36 74 -56 0 4 -80 41 -12 -90 73 37 13 5 64 63 -74 65 -44 -10 -36 -61 53 -28 -23 30 -5 -69 35 -29 -53 62
0 70 -69 44 -58 50 0 11 61 -27 2 89 92 58 -46 -13 93 -69 38 25 37 93 21 -21 -41 -37 44 -60 -90 -94 94 0 86 58 -39 -64 -57 -19 -7 -18 22 59 -27 53 45 -54 -17 -86 74 -6 89 34 97 -77 55 83 90 21 52 49 80 -96 50 56 42 -49 -53 76 -99 -83 96 -13 -15 -39 42 -96 77 96 34 -59 -89 -32 -16 26 -26 90 78 -55 55 16 -32 21 -41 -57 -16 -82 48 -20 62 -2
46 -5 70 54 62 8 22 -41 84 52 -42 33 23 -3 -23 28 -79 80 -37 -1 47 90 73 7 -68 -59 85 47 24 -86 77 66 2 -40 -13 -46 -91 -17 41 -32 -2 -15 44 -80 -25 62 -39 -57 44 -75 -35 96 51 -17 -66 -38 5 -31 -85 48 -40 92 63 -34 56 42 32 61 -99 -38 -4 -35 22 -33 51 7 -8 -56 -87 -46 -17 -93 -64 -63 -80 -51 90 30 94 21 -15 28 29 47 -10 90 96 12 -63 -63
-28 -90 -65 -24 -59 -29 -15 -34 -53 -65 84 67 -29 -32 56 -85 52 76 57 -64 -86 -43 70 -84 -65 6 -48 -59 29 61 -91 61 0 -51 -28 54 -73 12 -2 100 17 87 27 58 34 -18 47 -79 77 -72 89 -23 -38 -18 -32 22 4 93 78 31 -64 1 -76 -53 13 -38 10 54 -27 69 -93 -3 -33 47 73 -17 21 -14 18 27 100 -3 -26 -41 94 -26 35 51 -5 9 -17 -25 52 54 -76 45 -70 71 97 33
36 -69 -37 83 9 70 15 -55 -50 68 56 -54 -51 -78 27 16 1 -12 -64 -72 63 -5 -77 -51 -23 59 42 -70 -49 -2 65 -71 65 -92 -32 -22 51 -81 -69 42 16 17 44 90 -42 94 -46 -2 26 1 20 46 -47 -100 -13 59 11 35 -66 -57 -32 -67 69 -20 39 40 88 -65 70 -16 -99 31 -50 -10 -24 16 -78 -93 -68 -79 16 44 -9 93 -68 10 74 -29 92 -5 31 86 10 27 -16 90 -47 86 -32 67
10 -42 26 -26 12 39 -16 -68 52 46 88 18 70 -17 -63 -2 3 41 100 14 76 57 -27 -77 29 -16 -18 -18 76 53 -65 -90 16 -42 -68 35 -66 36 -17 53 1 38 -68 26 -73 -49 -28 -42 6 48 -40 46 -9 2 13 -30 10 77 87 -58 -63 -96 55 -87 73 -55 51 3 30 -23 -28 -66 -51 40 65 18 -23 48 -70 11 -85 76 -64 44 82 -37 -19 -19 92 59 -23 23 48 56 -90 25 -66 -73 89 88
-57 32 29 69 -80 -40 73 9 12 -41 -72 92 67 18 42 27 6 83 34 52 58 -92 10 -98 -44 52 100 -16 74 68 22 -97 3 -66 88 40 44 -5 26 72 -99 34 14 9 -17 11 83 -38 40 -85 74 53 50 70 -58 -18 12 40 -49 -7 -53 97 -70 -13 -57 81 34 -42 0 -87 47 -24 -19 43 22 -90 -22 -40 -13 12 -23 0 -60 -21 43 81 41 -77 -71 87 -39 -74 56 -52 -26 51 -4 11 48 30
-91 96 -88 4 82 -45 -3 -11 80 48 -59 2 3 -42 -50 -15 -36 1 13 2 88 6 56 -58 0 61 -85 58 18 55 -70 69 -61 -38 12 7 -61 36 0 15 70 76 58 -60 27 49 94 38 61 -36 -44 -78 39 44 28 -82 -29 -73 -93 77 -87 14 40 -1 -52 -100 -53 87 99 -32 -42 -54 -73 -50 18 -50 72 76 -41 -61 -100 -33 11 -13 -81 -64 -36 5 -8 58 57 56 -68 86 54 -46 -89 79 -50 -7
29 86 -62 5 -75 47 0 -65 -17 8 -25 23 -73 85 -53 34 76 -76 -27 3 -86 8 44 -42 -37 37 81 -4 85 88 -76 64 71 -67 70 -56 33 -98 -59 28 -63 73 92 -81 62 88 -66 14 30 14 -9 -60 19 93 -58 -24 -55 71 47 -91 -57 56 21 -7 -77 -52 -42 -78 40 -58 11 99 -15 17 44 -25 -63 0 53 -82 95 74 -18 -67 -68 -49 -76 78 -70 -25 -93 -3 -98 53 -65 -83 -15 -90 0 -93
41 -100 -22 67 -85 2 2 -2 1 -20 -81 22 -35 -3 30 -7 28 -57 26 63 -65 58 -44 -25 14 -46 62 -10 21 -17 23 11 42 -31 61 -91 60 18 -10 66 -82 32 -51 -79 1 70 51 73 88 49 -86 1 63 99 29 73 -21 98 44 68 51 8 -80 24 28 -2 56 54 -17 73 -3 79 100 -15 31 -28 55 10 -50 -90 -44 68 83 67 -30 33 -66 -16 -3 -1 -36 -76 73 -44 -28 5 1 0 -57 -90
-86 -17 -33 -23 39 -35 47 99 79 -92 1 52 87 72 -29 69 56 -71 47 -96 100 -99 -51 83 -95 88 54 -100 29 -97 31 -57 6 88 -60 40 6 73 -43 -78 78 -85 44 8 60 69 42 -86 90 93 87 -86 73 40 20 31 -11 66 -5 -36 -16 26 83 -59 -20 -28 9 5 -47 55 -59 75 -18 -52 53 -19 -52 -73 -9 -74 -49 29 22 40 -39 28 -66 38 13 59 -16 11 -93 40 -61 8 32 71 36 -76
-57 25 98 33 43 15 -18 78 -87 60 96 -79 -44 34 0 94 -87 84 -22 88 24 96 78 56 -40 26 -40 -51 34 2 -13 -14 -92 -42 -67 -53 20 -16 -85 27 76 60 -22 -61 38 -40 -74 -33 -86 88 -49 59 97 36 -40 27 -18 21 50 25 -41 -93 -80 90 60 -42 84 30 68 -17 -59 -39 -37 -46 -94 -7 31 18 -61 35 -36 46 23 -95 -93 6 -50 17 100 -73 95 86 -64 -96 -43 -39 -14 -79 -93 -74
30 -53 -31 18 -66 -72 -65 3 -92 -35 62 -82 56 85 41 35 -61 -33 -19 30 -36 43 -32 17 63 -60 -17 36 71 83 39 51 -39 -94 -89 96 -29 -21 -98 -65 26 0 45 -97 22 -41 -38 -55 61 -76 -91 46 98 -63 1 63 -31 63 -46 90 -42 30 3 2 -88 56 44 76 71 -87 -88 40 60 93 -3 -7 67 69 -28 53 0 28 -60 -37 49 94 -4 51 58 66 75 -14 93 -41 -48 66 -53 -42 67 67
-21 43 0 -45 -89 64 -90 0 -77 -79 -39 36 -92 -54 45 33 65 -79 -91 6 -77 77 58 -22 -68 -36 -29 -36 -38 71 86 33 13 -58 -48 -57 -17 -43 -80 -32 46 17 -86 -54 32 -19 -50 -1 53 67 9 -29 76 -43 61 90 -21 -47 25 -6 -100 52 90 -51 -80 -23 -45 42 3 83 -3 -21 -64 8 -40 -94 58 -52 12 -31 70 17 -50 -48 -18 -46 0 -6 48 87 -1 79 -28 -93 -93 -22 -6 45 -20 -3
-61 33 50 37 87 -75 -75 -24 -9 12 -53 -81 89 -32 -45 -3 9 57 81 -51 -65 75 83 50 28 -12 71 77 -32 -40 -69 90 -63 -90 89 74 -58 -23 -6 31 -86 64 -43 -75 67 -80 -93 43 -87 0 -71 38 -58 49 -59 -61 28 28 12 -57 -5 96 31 18 -42 70 -5 20 -68 -86 -35 17 -40 18 98 -37 55 21 -91 51 59 -89 16 16 7 -94 39 29 -25 87 99 -66 80 -63 43 -73 -87 58 73 -73
-5 67 68 -54 30 -28 60 -84 -26 -76 -49 -35 76 -50 96 54 -21 -13 7 44 64 29 -27 79 -99 51 -96 -5 56 91 -50 -50 58 -37 -51 -13 73 0 -21 -95 45 -57 75 -13 100 -42 0 80 8 -47 -22 16 22 -67 -59 6 -73 54 -7 -40 67 19 68 26 -76 3 61 98 -16 -89 -60 60 -65 -100 8 -15 -61 81 4 -89 15 56 -77 67 -76 29 86 26 72 -9 94 -27 -12 -11 79 -78 67 98 98 73
-84 78 -6 63 41 -48 -21 2 90 -93 74 -74 84 31 82 68 79 86 89 -1 -46 -95 -57 -72 -33 -8 58 -42 2 -8 -46 50 -49 -29 56 49 25 -63 -76 -5 18 -71 -40 59 53 -16 61 -10 81 50 6 99 -44 -70 -13 14 15 15 13 -99 -34 19 -42 50 46 -45 72 68 33 18 70 33 98 -73 -38 -100 13 -31 53 12 -60 -72 42 64 88 -96 42 -72 77 -71 53 17 -26 -59 -36 93 -15 -28 -7 -56
-25 -92 35 26 89 36 17 94 0 78 99 16 -30 57 31 54 -91 -27 78 -57 -95 39 -97 97 80 -8 -23 -5 19 -37 61 -38 -41 40 6 88 -66 33 60 -52 -37 13 78 7 19 -5 -27 76 95 90 -53 50 -99 -50 -75 95 1 7 52 1 -65 -89 -92 1 89 -68 74 -55 20 69 -33 59 -34 54 12 6 -4 98 73 -92 31 -55 53 8 19 -61 61 35 -99 57 66 84 -42 25 -44 -44 53 -46 72 -63
-13 -21 73 -43 52 14 -13 -23 99 -72 27 -64 69 -90 -44 -25 29 19 92 -65 88 -90 67 -83 15 -53 -56 -6 -33 -95 -40 -16 -11 -12 -70 -14 87 53 -53 30 82 16 80 -99 48 47 -98 -16 58 54 42 22 22 -67 48 -3 -40 -64 -72 -40 54 44 3 -51 -55 -52 -87 -78 -39 44 42 38 -78 90 -94 48 33 89 83 42 -20 44 86 94 62 95 52 96 -75 -67 -48 -51 9 50 -4 39 -97 95 93 -14
-51 26 55 -11 60 -39 -45 73 82 -55 94 -24 -100 -69 -8 -10 -16 86 -79 58 19 -69 85 51 70 11 -74 99 -24 74 -94 25 58 80 -13 15 30 -61 60 31 81 -24 13 -39 -79 -58 49 -61 -89 49 -12 -58 60 -28 19 -38 -52 -59 38 -19 -87 -43 85 85 -56 -78 -52 -85 52 6 51 88 -45 80 0 95 -77 -11 68 -14 81 -6 19 -54 38 -35 35 -6 -15 40 -49 3 -89 50 -1 -54 -72 -29 -82 -78
89 57 -36 34 2 1 4 28 -78 -7 36 -51 31 -25 -22 89 -27 -55 -16 51 83 30 -1 -52 -78 85 62 -31 73 -100 -52 5 -88 48 -3 -81 41 -58 -15 -45 24 30 -2 99 44 -91 -31 62 51 98 29 -92 -97 -79 -42 -84 25 72 74 58 98 32 39 16 71 -67 16 6 84 -79 44 -76 63 -91 -6 -27 -78 82 95 -93 9 -59 94 -31 46 41 -100 -48 47 98 99 4 65 89 53 52 -72 83 -93 -9
-77 39 -5 -70 9 -81 20 11 -66 -88 -70 43 67 27 82 0 -63 66 -93 52 -71 87 29 -65 76 -19 -85 57 -56 -35 -8 -69 37 -52 99 28 -12 14 37 -92 -34 -3 -70 -73 80 -51 57 55 -44 55 62 0 99 43 -60 18 -74 40 39 63 2 25 -89 -74 -67 -42 -27 -82 69 -61 0 20 24 -1 -39 77 37 51 41 -18 -85 -95 -79 38 84 -85 21 27 -33 -72 -24 -43 3 45 -15 14 26 -74 43 -67
92 -62 -55 53 61 -89 -76 69 24 -43 42 -99 0 -82 -54 -93 64 27 9 64 -82 -2 26 -64 -90 -40 -11 65 16 91 89 -6 -75 34 1 53 79 -22 -51 -2 -19 26 10 85 -57 80 -21 28 72 -25 -71 74 9 -74 2 78 9 4 -53 48 77 23 93 82 -40 -96 26 -24 29 -62 -18 89 61 95 90 50 -31 90 -97 87 74 39 58 94 -67 29 -53 -97 -27 77 -84 53 2 -95 68 80 -77 -70 50 5
-98 -63 75 25 6 18 -36 2 -37 -6 64 -30 68 59 -26 39 71 -60 18 60 -43 87 1 -88 -70 -44 -73 -13 52 -76 92 -71 30 72 78 43 -59 1 27 -86 72 -86 -90 53 -84 -8 38 76 7 77 97 35 88 48 12 -7 40 62 87 -45 -47 -90 12 -97 -78 25 55 11 -89 96 -44 -66 1 65 -53 39 -67 42 38 58 -88 -9 74 -11 35 -83 68 -32 -77 1 -89 -44 99 -61 -21 90 -56 -8 40 -95
-15 -16 64 -54 3 -15 -92 -3 50 84 75 20 -19 81 -28 28 -85 -23 27 -68 57 -17 15 47 -62 51 -29 1 -68 -83 69 81 0 12 88 -59 15 35 35 -86 4 -64 -2 -5 60 -87 80 -83 -21 17 -69 -57 22 1 7 96 39 -56 -76 -25 -97 -74 -71 -77 4 10 -67 -10 -71 11 -17 -47 -48 -27 38 -55 31 -34 52 -81 -66 16 21 10 -78 -80 -63 39 82 64 -31 -35 -11 -22 70 -15 23 -19 -21 79
-40 -34 -93 28 -3 71 -42 -43 42 -45 84 52 -30 -8 57 -5 -52 8 60 -40 1 51 43 -20 55 12 24 -93 1 7 55 86 59 21 -56 -75 -57 48 -32 -64 35 7 -71 -21 3 -61 52 98 -9 43 50 19 71 -32 -92 8 -23 -20 10 17 -44 80 45 81 -82 23 -92 -40 -83 81 -85 4 85 46 -43 -74 -72 -61 -59 30 76 70 25 69 67 -14 -75 -72 -79 -78 -19 57 34 -74 40 -42 -67 -89 12 -7
100 48 -47 85 -99 -26 34 69 -86 27 1 -77 50 -13 -16 -51 10 79 44 -39 -8 32 54 19 27 -26 63 -15 -29 -84 -17 28 -86 -23 47 28 35 89 -53 68 97 -81 -15 -7 68 70 90 -86 -41 4 -97 12 -85 54 15 78 -66 89 -72 -99 -51 100 -19 -100 -69 80 42 -4 -26 -14 -59 -12 1 86 -91 38 73 -96 -75 -52 4 32 -16 40 -68 30 46 49 -68 22 -54 27 64 -46 11 95 -85 -41 83 -22
-93 -48 -23 -33 -44 -44 89 69 64 -84 -77 -42 -8 -74 -3 14 -27 26 -12 11 -64 30 45 48 -91 -35 -45 68 -68 -95 53 5 -4 74 -73 -4 12 -14 -6 -84 -99 10 10 -56 83 -15 35 19 -22 10 42 13 44 -38 -31 -38 -67 12 -58 -13 34 67 -55 -19 35 14 71 91 17 62 48 37 -53 -11 54 -66 -93 88 -16 0 -62 71 86 44 5 30 79 60 -65 66 51 -71 12 -83 -36 28 -72 -43 -6 77
-100 30 85 -9 20 1 -18 66 -28 -3 1 -30 -23 -38 -35 12 -33 -77 -5 22 22 7 85 -84 56 -51 1 26 89 67 33 -7 95 -53 -81 95 50 99 -88 -67 20 -18 25 -68 -11 16 -4 -95 -78 -30 59 15 -45 26 -20 -91 5 -20 87 -93 -75 67 53 -42 -43 74 39 16 -89 37 42 -74 5 -26 31 -66 60 86 29 -5 -64 89 -7 -51 44 37 65 35 75 -5 -41 -45 -87 -19 -57 47 -51 25 -52 1
64 -61 -37 98 58 38 -67 86 14 42 -82 42 56 18 14 64 0 94 -22 -6 -7 -46 -69 94 46 -4 89 20 -71 -52 -32 -7 -59 -21 60 -62 60 16 -47 -64 1 72 34 36 3 65 75 42 -14 12 -18 -100 45 66 71 13 -34 -86 -40 63 65 -46 76 67 6 91 25 -30 88 -39 -65 -56 -83 -23 47 -52 -45 -24 39 27 93 -88 -50 18 -96 76 44 57 -53 -1 -28 43 38 -79 37 -92 53 46 -86 -1
-93 -51 -43 13 23 -30 33 -4 23 -73 8 -20 -16 -86 71 22 79 49 4 -54 -45 64 -45 -95 66 16 -70 44 80 -29 79 25 -1 -11 18 -6 -87 54 36 -61 79 -82 56 69 -25 21 -28 69 -26 11 -49 -71 -11 -49 -88 -38 85 -23 22 -43 67 66 94 -45 -53 75 11 -16 92 48 -1 -41 -10 78 -54 19 38 -80 69 4 3 45 -54 -57 -12 79 68 79 25 -99 56 27 -47 -9 1 -8 24 69 39 2
44 79 75 -87 -47 -31 93 -26 6 1 78 22 -73 41 62 25 -32 99 36 72 51 66 23 -55 76 -18 -83 -55 14 12 1 36 57 15 74 -2 -83 96 -41 85 -99 -95 0 -4 -26 97 14 90 58 -43 -84 57 -50 61 91 92 5 28 -22 87 -48 71 73 22 70 -74 4 -82 -21 -52 -32 -21 -12 -13 68 50 -70 65 -6 -37 91 -87 1 -3 -70 1 -3 38 42 -35 85 6 58 -34 80 81 8 43 28 59
98 49 9 -84 -50 -54 55 77 14 33 -57 80 75 -76 -97 -63 65 -5 0 85 64 -91 0 -84 0 93 -90 -97 -7 -63 -22 22 -57 99 4 -11 -71 7 0 86 84 49 -34 83 51 -92 88 -4 88 62 61 -50 11 59 64 -29 -62 87 -8 80 77 34 -88 81 0 -49 -39 33 58 89 -75 -72 57 -12 -66 -59 -46 -66 76 58 -60 56 -34 63 90 88 -42 -49 -100 26 -87 0 42 58 -68 -55 53 27 20 33
67 -57 19 -25 -58 59 -73 -11 -95 46 -36 55 -71 -98 -84 -27 -78 -61 67 -29 -71 14 -21 5 59 7 81 -47 83 -81 36 74 0 -49 12 -16 -89 -90 -73 -52 56 -17 30 6 -32 -80 -54 96 59 98 26 -27 30 42 -49 -18 -20 -10 0 1 28 76 -11 -55 9 6 -22 -21 -60 -58 1 0 -65 -78 67 -40 53 -64 5 64 -95 80 -46 91 -40 -96 18 35 -35 41 31 -54 25 10 99 71 60 -49 36 38
14 -58 -21 81 -30 -19 -21 -67 57 50 47 -48 -55 -83 36 94 6 -93 43 -69 -84 0 51 -18 -5 -80 1 58 -47 -98 94 24 -36 -37 79 31 44 64 -61 -98 83 41 -98 -12 -38 -74 51 12 13 16 70 33 18 -92 67 6 88 -97 -44 99 -98 -32 -93 98 71 64 -35 75 -91 -56 98 -18 70 9 -4 21 -14 28 -50 78 75 40 -35 71 63 -35 -100 60 5 -26 84 5 61 -24 -56 -95 3 37 38 72
35 -2 90 73 -52 28 57 53 -84 83 45 63 46 -19 48 81 -40 82 -58 58 96 -88 -55 79 22 -80 98 22 -81 -24 19 -11 44 -55 29 -31 -12 -98 -69 -7 -68 -64 87 -71 -1 -59 0 32 -28 -8 -3 18 83 -24 20 96 11 -29 82 -63 7 94 -27 39 -57 -58 -25 -77 -33 75 15 42 -1 -36 1 -79 27 78 -80 8 52 -10 -98 74 12 -50 100 -82 73 -88 97 -64 50 29 -21 22 45 43 -90 65
-4 5 63 4 -92 8 -4 -73 47 18 35 59 -4 80 1 -43 65 -88 42 -41 -41 95 -59 -28 38 35 19 -51 -53 -11 -37 60 -42 83 -99 24 22 29 87 -94 -43 -85 -33 89 -29 -33 86 -40 79 96 -3 68 23 -9 34 -42 25 33 29 37 23 -50 27 -61 -25 74 -57 -87 96 -68 1 56 68 -54 93 6 -40 -58 -53 51 -40 43 -59 -49 78 -27 -2 -88 -87 -15 4 -40 -52 19 44 18 -57 46 9 -25
-73 83 -27 -48 -12 81 -13 64 -65 -24 -43 8 41 -18 -98 55 -18 79 58 -68 -89 70 -19 -96 86 -50 64 -73 83 20 49 66 -99 18 -12 6 -8 -86 -2 81 -10 -23 -59 82 -90 -88 -6 7 46 66 -90 -4 -35 -91 -78 -82 -23 69 59 -65 36 -42 89 -32 -69 -46 -38 -53 -45 -4 11 -68 78 62 -42 -71 75 88 39 -19 -21 66 -53 -75 -6 38 69 -74 -37 -2 14 0 -4 71 41 -62 38 -66 -92 50
18 -82 -21 1 33 73 32 -99 51 -6 31 -30 -54 -7 -95 41 -96 -94 27 -28 -63 38 -32 -65 -23 20 -29 -59 -17 -8 -53 -61 26 -77 7 72 -39 40 47 -98 -80 19 -17 74 -31 79 -52 58 23 -34 -25 -83 37 -87 95 44 83 -96 -29 -63 87 -38 56 -16 -99 -49 -44 53 -54 78 -69 89 77 -3 -22 69 85 -48 -72 -52 39 30 -4 -15 30 -43 -61 14 67 -12 70 92 -21 32 -20 -5 28 -50 -25 83
1 60 -20 -61 -85 39 47 -98 -38 -61 31 80 -40 85 54 8 -31 -24 -64 83 -97 -90 48 37 -35 -97 -67 39 -68 -26 35 -69 -25 -24 16 40 -43 96 26 4 50 -8 -27 57 23 40 93 -5 -43 -64 58 66 4 -24 3 66 42 58 -46 97 -12 54 -43 43 8 55 76 66 -22 -21 85 -90 84 -4 -26 -37 9 44 -47 -41 85 -48 -75 -72 -22 59 -4 -49 -11 1 -37 97 69 35 -71 -56 66 -11 47 -79
