90 100
363 92 -167 39 -415 -287 106 -3 -144 33 -285 -362 127 -325 -27 -343 -324 222 46 -450 178 -161 -276 -354 -196 25 -191 339 -444 406 -389 43 91 -83 -24 -386 -336 215 -109 -245 210 355 -470 -476 -231 97 91 400 -195 -331 40 -303 -395 0 -413 441 178 -346 134 50 -302 267 484 431 190 -266 202 137 -58 -472 243 11 206 -60 -468 18 -370 253 -434 180 104 -85 -122 -243 340 212 425 -179 469 49 -10 -40 415 303 -192 -405 -81 -244 -88 314
407 -116 397 -46 370 306 23 -65 -204 -94 135 102 81 439 13 159 255 -283 -196 434 203 19 -410 0 101 -77 -417 85 25 384 123 199 280 -490 52 402 237 -102 479 -80 481 354 254 -238 -166 220 488 -195 -446 -266 151 -288 422 -485 66 43 222 -347 -66 -101 -141 366 -156 361 416 -166 21 -111 -278 -178 69 240 -344 -358 -361 232 116 334 164 -40 326 -215 453 258 372 -11 461 367 145 112 383 309 -102 113 -478 313 -455 -20 273 -417
49 -132 -464 -226 -325 316 -245 -185 -257 -294 -111 -284 -136 -331 -262 247 92 47 -168 -44 -440 -397 88 -336 -414 466 -454 70 -482 426 224 361 -382 -2 -106 -470 304 29 283 481 -380 303 182 -76 398 2 219 -203 400 19 -156 -233 295 69 -375 411 -110 -332 -490 230 11 -333 472 -280 496 252 347 -48 0 -419 -98 374 -291 247 -416 -354 479 214 413 437 122 214 -178 -281 -152 263 279 -482 -34 200 207 430 47 121 -223 93 -3 -500 461 -289
-395 463 167 -323 274 172 5 241 54 316 216 -336 159 -272 269 426 141 -496 437 -196 -172 473 123 208 -407 343 -186 -280 213 97 458 -286 -111 437 395 490 82 -4 149 -66 -3 -47 -329 64 -317 -438 -103 -474 -274 457 -3 -47 -282 -433 389 54 157 27 -162 442 33 -12 -282 -235 329 -14 -314 346 -6 419 -194 97 290 197 201 -289 -338 349 -345 415 -413 404 482 354 387 -326 69 -365 69 -5 -285 -60 155 170 -406 121 -359 456 -128 -123
54 -198 -268 428 -370 409 203 -61 48 200 -350 309 -440 19 -86 -223 5 -131 -322 -52 466 480 267 174 496 157 -62 27 8 220 196 376 -365 321 11 -280 398 345 -435 211 74 222 -58 39 240 -313 403 307 10 -366 127 291 -438 490 414 -186 -420 -439 -490 -24 312 -93 50 -414 408 -62 -79 326 -124 -146 -283 -66 466 -303 -414 492 211 404 -448 -76 -360 -442 -97 -277 350 297 391 400 -11 -294 -105 -118 -76 -370 -410 -316 176 -163 98 437
-230 -43 338 -84 -146 90 498 -427 -102 -303 112 -176 -225 216 -96 118 -296 84 -21 -86 386 -61 -226 -180 287 -188 99 -14 -180 -278 140 -331 -106 285 370 335 396 91 -88 363 -23 -169 410 142 35 48 -345 106 -54 -242 368 269 231 337 -263 90 -147 -331 -390 294 332 -205 -50 -194 330 -23 -349 -492 -368 -164 -382 -305 333 -366 236 -323 360 321 179 138 -424 -227 -360 172 -486 336 -260 117 49 -497 -261 -483 -202 -196 -223 -458 -21 158 272 -32
-358 -41 -103 484 1 328 -288 166 -406 233 -103 -433 82 339 -202 -145 -197 -276 113 -74 -71 292 203 -133 89 453 -138 -134 489 -316 -380 -369 399 -191 -38 409 -289 29 420 396 -437 -46 -107 494 -123 159 321 298 -270 -48 412 431 -401 43 -38 163 -399 346 56 -118 -143 -232 467 -182 450 -58 -284 44 -45 -234 -444 -426 181 302 167 277 -88 136 -170 456 98 -231 394 386 205 460 -390 496 -118 456 216 -429 10 296 124 109 233 0 361 -78
-260 453 240 -302 441 -328 -296 -7 -239 -494 332 -383 -463 -403 492 -258 418 -474 -328 -339 286 485 130 357 216 134 -202 132 261 403 408 67 445 406 -499 7 150 -303 82 154 -33 -409 3 256 77 238 -438 274 285 -211 -15 -307 -115 -312 -367 147 -22 138 114 -349 -15 194 409 -157 -483 306 385 -3 -258 -500 -262 310 394 47 22 6 -458 -176 268 28 -457 466 413 -28 -442 19 -452 -217 346 -160 -37 -29 -88 -423 409 408 -146 423 -300 -148
-85 58 -377 -139 477 -152 108 365 8 -355 -409 -340 371 -158 -436 36 228 -331 -121 -243 160 271 140 100 -81 144 365 -484 -163 425 415 157 231 408 136 240 329 -216 -231 -246 -322 -379 350 45 254 338 -403 -163 480 327 122 -404 113 -141 443 213 -484 -286 -5 -423 -108 -67 -15 -416 265 -140 -336 251 -93 232 242 -195 -231 107 366 -429 -166 -460 -424 -129 -445 419 -186 -276 3 408 167 -347 433 54 136 385 322 288 -428 -188 -384 416 184 459
-125 -354 -441 -249 417 -238 469 -457 -29 44 476 4 -31 431 -47 411 364 -3 -412 290 245 231 108 312 62 296 350 -460 -181 -272 7 -354 142 -111 -270 -412 -405 136 354 -454 -255 -488 -357 -27 -11 174 66 256 381 65 -489 170 493 -472 -259 180 -499 -12 371 -42 272 98 236 323 -30 -63 398 425 -200 -488 -33 401 -244 446 5 -467 -278 -458 -489 453 -20 -356 409 -103 -166 349 -261 491 416 -220 -168 96 483 482 441 286 265 213 448 -266
398 -3 -406 -341 -289 319 -94 -451 470 176 348 -44 236 -50 -179 491 -96 -411 -196 259 415 -398 -230 -295 444 62 -89 164 213 -424 81 -177 235 -213 -409 -394 90 380 -322 288 -458 163 258 303 -222 -264 191 -201 65 -131 -339 -200 -413 214 58 384 -403 101 103 79 286 354 317 11 -431 -90 -475 425 91 -23 148 -263 -266 153 -454 422 -422 181 -208 141 197 332 -500 300 335 79 -264 40 -169 -164 -299 79 -39 -48 390 -476 465 151 403 -334
-166 -320 -444 173 210 275 172 -134 -387 -194 144 292 215 -352 380 -215 406 -45 -103 -457 258 -200 -140 328 -438 417 -469 -5 474 185 48 -299 -131 195 -109 192 7 206 59 451 -48 -228 310 48 94 -217 -392 227 -52 458 -395 -364 189 183 70 248 109 287 -110 112 401 -244 312 361 238 103 -226 324 -22 191 -80 -92 330 244 362 404 361 -178 -322 -479 -500 271 -215 -318 434 -407 129 -393 -135 -329 139 -328 34 85 336 367 -412 -298 -426 123
-413 -484 -200 380 -287 -195 -79 -337 444 -51 -294 174 60 -419 -320 329 129 -290 494 -256 -256 45 144 434 -10 316 -122 -491 132 -441 172 288 484 -435 -164 -321 -317 -184 -295 -58 57 49 -316 -139 -435 -135 143 -239 429 -95 -7 -403 76 253 -419 376 -439 161 -1 68 -272 -427 -109 178 213 -149 76 -214 -139 -130 -430 435 119 81 -410 -283 -151 424 -293 351 -234 283 -324 386 379 -290 182 -132 -145 -291 319 -38 409 -195 -17 -114 177 -381 332 45
328 -442 231 59 -455 -290 -48 -310 -453 -221 189 227 123 475 79 -445 -356 399 84 -122 -231 429 -470 383 421 -440 348 -61 -450 -297 431 174 -201 409 45 -247 -76 -255 291 -148 190 211 322 376 307 -34 242 -91 454 40 -151 -194 -182 286 63 483 411 326 158 385 269 286 263 -291 375 201 150 47 460 268 383 229 345 178 -273 242 -284 386 463 41 375 393 -488 -162 -356 -379 -382 419 -347 -465 -118 -225 -279 -278 314 -421 -426 383 240 -179
405 287 259 -323 451 -281 359 -404 -247 359 307 -193 -449 354 80 -190 -333 122 52 452 390 127 -179 -57 -94 -35 251 -484 -408 -319 -69 12 284 -449 253 66 49 17 189 419 427 -22 -236 246 493 -145 278 -104 149 -170 -138 310 -474 -409 -271 430 -458 183 126 436 -150 234 405 475 -79 -54 265 -69 379 -316 -35 463 -305 -195 -438 -439 -475 -277 -214 -485 333 -239 -381 -16 -445 -144 230 -16 -485 -454 -296 -435 28 252 14 456 120 348 130 499
-42 -195 -475 60 182 32 -29 143 222 -26 -471 -9 -100 11 -319 428 1 -135 400 211 -39 37 -471 52 -219 -481 -5 155 465 -303 13 192 -393 -153 338 92 -280 -37 -334 124 95 -122 -60 140 -44 -284 -123 -212 345 -498 80 108 299 -234 156 -85 -366 432 450 -55 -404 -268 -236 -169 29 77 -172 491 -137 24 -491 426 -331 -269 223 -71 98 -43 84 419 -450 -377 407 227 -124 94 -400 422 185 116 318 394 -112 136 -49 328 -282 417 -199 318
-406 -327 157 -31 449 236 -31 433 351 -254 331 -439 -450 1 -346 -445 -298 499 -255 418 -423 470 -116 -175 -108 -466 422 390 160 -240 -456 -170 169 402 40 123 340 -377 -385 139 -393 -241 -26 -422 -389 -252 268 -42 415 -301 -262 211 164 366 260 -76 -268 -335 133 155 296 259 191 496 471 293 -488 161 -378 -251 -289 125 -248 467 159 -166 -267 170 493 -88 -116 -66 147 -25 -203 -211 261 -182 -367 -369 -138 -141 -310 297 423 -353 266 -320 332 429
67 -301 -192 -141 482 -357 -72 -425 -400 -362 246 15 121 129 22 -321 -43 439 345 -148 83 -383 419 -255 -383 -201 183 -359 -371 -289 493 -439 -86 161 78 139 109 -322 -144 24 -285 155 82 464 232 -244 -312 310 -215 491 432 -415 106 -267 -455 -117 -184 216 -139 -82 472 328 -343 -84 269 -111 26 -375 492 403 442 426 -3 434 401 226 -305 -105 347 201 36 -159 52 172 215 -384 -383 -61 34 -396 -252 -211 68 232 279 281 223 -336 121 294
349 -398 -132 494 -153 -92 -148 -464 175 205 -467 -447 314 -98 -54 408 -96 457 -234 -33 7 198 -307 374 262 -382 313 -420 -167 4 -425 425 -129 131 -404 -4 144 -350 -469 -412 -68 197 70 -470 -221 -209 262 449 -23 -215 -46 -305 -500 175 441 417 -261 237 130 169 389 229 145 495 -190 -419 -131 -470 249 241 354 313 337 295 -321 -235 345 -383 15 -349 -154 355 -137 53 -118 48 -293 8 -159 176 -125 -274 384 -123 -89 74 -400 -30 -41 -78
-311 -182 -434 -423 67 -366 -425 -164 -170 54 91 -225 -417 409 -478 -257 -495 84 -232 -440 -423 -27 -179 -212 -122 82 -272 -290 -372 -201 -160 163 -328 51 386 -190 403 298 273 -334 495 237 177 190 -117 -5 436 355 465 -317 -476 356 430 -44 -453 217 477 413 325 423 -363 432 169 -170 -497 -138 -280 -165 -391 477 -5 213 -434 -151 -464 142 -7 -465 -166 488 -293 430 -166 135 126 305 449 -102 -259 69 309 -9 361 -133 426 312 -259 -345 304 2
403 -89 -489 255 239 178 -485 254 -190 -189 389 -395 62 329 138 -406 350 130 -85 -417 -218 -243 -285 316 -187 381 -372 -415 -466 359 -358 -465 454 -306 -182 2 181 213 14 5 -332 284 -306 44 -118 -437 158 -38 406 79 142 294 214 -269 380 -63 167 233 49 167 -374 72 -252 -500 -418 284 275 267 343 48 -14 -79 82 -45 17 -303 130 360 -207 188 -202 447 -26 -152 -376 434 126 -423 -397 141 -370 43 396 -329 184 94 273 -369 4 60
65 63 332 181 -466 -324 -224 -187 324 310 363 -177 119 -491 370 164 -462 146 334 -125 106 -324 384 -93 365 188 69 400 -291 -175 489 448 -109 -116 -146 -143 -293 -338 -483 -155 -492 -85 -401 438 -33 -295 458 167 -158 2 103 -238 495 405 -425 16 436 460 254 450 64 -70 273 -418 -296 -256 401 -486 18 -224 353 62 -352 248 -188 59 127 -493 342 -147 -167 -331 -393 19 -70 257 -372 484 120 327 181 -179 371 -345 453 -419 -59 -213 213 71
377 130 -267 -449 200 158 26 -445 -219 403 -203 -365 -204 318 281 487 -333 361 -267 148 -350 -474 -460 243 -1 -207 -46 216 -136 -230 60 -239 269 377 -378 -446 -146 -40 445 -384 399 55 134 247 -265 185 -70 -491 27 -378 208 -470 146 386 71 326 277 391 23 -324 -243 -350 -285 166 -16 367 -68 206 69 484 422 -21 148 -285 180 225 423 -126 220 32 490 -482 -336 177 276 -418 -44 -454 348 -466 121 346 -390 209 -268 -335 -474 266 436 -445
63 -129 28 370 -261 474 448 377 -305 -383 -413 38 425 341 388 203 -74 -386 359 -98 165 -500 -430 -146 324 -437 339 243 35 97 -67 28 -259 290 -500 -300 -483 -496 467 152 -56 -416 -48 75 -342 -244 410 291 342 234 -72 -442 -279 -308 268 213 -268 -22 -122 132 495 277 52 193 -315 -25 -466 -183 1 148 189 -32 -469 39 -94 -469 154 -476 -57 132 -71 -140 22 -391 -347 304 149 -308 121 285 294 -124 318 246 -326 278 425 -55 459 222
373 153 -230 -275 -354 174 -307 70 -26 110 21 -427 -353 494 -415 354 -464 31 -232 240 -357 485 383 -76 82 246 -222 -460 471 476 229 338 262 -103 -257 -351 -302 -187 -415 285 -206 433 238 -77 439 415 -481 22 62 -439 -434 -205 -386 376 177 288 29 223 -380 -496 221 307 -311 197 -183 109 326 -82 -66 -75 -203 -422 328 110 326 -451 -130 -351 -445 203 190 -280 -323 169 276 -72 417 1 47 -193 378 -356 113 368 -107 114 -101 278 42 153
-44 -378 -339 -23 393 142 -417 -173 205 -61 -479 298 -304 -229 475 -393 120 -310 410 112 78 58 255 493 270 67 195 -455 -56 -357 -300 104 -152 69 -207 -404 18 334 -97 -319 332 -3 387 125 275 34 242 -134 -77 -421 64 -219 -57 146 494 491 442 102 207 -443 -206 -372 226 28 -349 294 -355 -259 -210 440 -208 130 487 449 -35 -157 -495 310 489 63 -489 -371 476 -122 264 246 298 182 -12 -359 248 -250 -337 -86 -313 320 41 -224 -96 -433
-226 415 -316 338 170 -372 254 94 102 -303 154 50 369 213 107 -438 419 67 -60 -12 467 449 -217 277 282 -461 -192 -25 424 91 -452 149 -239 289 195 -18 99 -372 -196 239 301 -29 -430 114 483 -448 -191 -499 104 -200 57 65 403 -319 -408 71 -170 -187 411 184 -216 243 352 -466 -63 107 126 488 106 -177 195 289 -138 -272 -382 322 112 -417 71 458 181 -240 102 -289 339 62 213 175 107 -221 310 395 -249 -28 -253 -496 -126 -214 -203 473
-131 -33 -437 460 298 276 312 205 415 -26 287 372 471 262 178 411 298 -41 222 105 -253 124 -120 -116 392 -235 434 437 -60 297 -205 -385 -167 -355 452 -393 242 271 -401 89 -40 -368 269 -240 78 401 -435 431 -439 -320 174 445 239 179 38 57 -417 386 377 141 76 7 -412 -380 106 -325 320 372 254 153 45 77 -373 -98 -208 -266 331 386 366 233 262 38 442 -128 149 -55 483 -459 -141 289 383 5 390 -254 179 -216 -22 384 -90 -494
-40 26 -238 -14 -269 312 -107 -443 445 73 59 445 -410 -433 59 -308 471 -376 203 139 331 -466 308 -418 11 458 -138 377 -125 -100 -430 417 -2 9 49 -19 140 161 -280 -115 -333 -9 81 -365 -92 493 455 283 -389 41 417 269 -467 254 -25 -455 67 114 -285 -305 378 378 -199 -232 -480 430 37 -215 -268 -28 447 -11 -125 48 -218 -293 -1 -201 175 -359 -224 -51 -103 -126 -264 -111 9 24 -390 -156 37 146 85 -437 -350 -431 73 423 235 35
-323 -278 420 -419 310 -412 -201 -271 -350 21 -483 245 107 404 156 285 -361 -320 417 -197 396 245 312 -88 127 -45 -89 -363 102 -364 327 -122 -204 45 -500 -170 -273 -120 418 301 93 -9 207 68 -219 86 -39 301 -67 275 -163 -301 158 -118 302 345 -67 239 -460 -474 -287 381 493 -116 409 340 188 49 -255 460 187 -415 -230 -450 -137 166 -401 -255 -375 -140 -167 -294 -154 182 365 -201 -342 216 -456 83 -245 20 465 62 -496 -188 -264 409 -372 202
297 259 251 -467 -181 147 405 431 -163 41 435 450 -483 -423 247 493 -129 274 206 -125 311 -4 228 -185 -427 489 -367 -481 -272 115 158 353 -253 236 376 -445 -401 463 -135 387 481 -367 -472 153 225 219 370 462 24 -368 -276 359 -216 -248 142 -211 181 159 -299 -87 -358 157 -422 408 -236 -358 -34 381 433 -464 -275 -21 119 221 352 -348 51 -386 5 257 -35 244 152 -482 -224 128 319 -318 226 -273 -412 317 -209 -424 251 -380 -43 -196 455 -122
356 -425 -446 -220 -173 264 423 -200 425 -194 123 -143 498 110 406 325 -392 -348 37 226 -49 470 -274 -138 121 408 227 -84 -441 188 436 213 -54 -399 -330 -35 -395 220 -251 322 342 -4 176 -36 284 -15 408 -145 -184 -325 323 -147 368 -170 160 81 108 117 -276 491 -492 -246 142 -31 482 -316 -264 -343 -333 -69 -31 -315 -109 -181 284 392 445 -42 -242 -190 -316 14 -348 -244 -472 423 372 368 -232 388 133 -160 377 -315 -393 -398 275 -368 467 -351
113 414 298 340 405 -293 -272 86 -500 190 441 -105 393 118 -329 -312 -352 398 422 138 405 460 227 218 -105 -201 488 -17 -122 -453 81 -487 -125 -334 -382 254 139 -420 171 -101 -107 391 404 356 432 423 -68 -143 -319 -200 -95 77 -2 485 72 333 -127 -236 -142 -205 3 273 58 -123 404 280 -454 -59 -190 -449 -28 47 -483 -466 42 330 14 25 -125 -395 -41 90 268 -474 -480 -177 -32 395 -5 -40 -113 -260 -227 -466 -304 234 188 -40 272 -384
346 -81 456 -355 457 495 450 -424 216 131 426 -271 465 -72 387 -51 -253 8 -394 94 -417 -427 -494 -373 -382 272 347 -252 -381 -251 169 83 -101 -302 239 -255 419 3 337 206 366 -99 -111 416 152 -26 461 272 62 95 -473 -51 369 227 -268 -305 337 100 270 -371 347 242 154 -138 -161 -30 115 131 -265 -412 199 324 205 -90 357 41 -261 -213 -135 55 207 380 -57 206 349 101 -77 -116 349 192 207 375 -201 176 -449 -226 -315 284 -36 -329
324 96 -163 260 -359 -103 414 67 268 173 -352 -286 -94 -407 -144 -3 -98 -157 304 84 399 190 449 35 362 344 336 -22 8 73 -402 -259 126 -146 373 -252 -484 -327 202 79 260 -284 21 -429 171 466 -450 -76 -78 -91 -473 -224 427 29 -165 -382 426 -282 -5 -423 -113 273 81 -32 358 -88 237 418 -479 -396 119 19 342 -473 267 -12 330 339 492 433 -41 188 -365 301 426 146 444 39 -358 380 -208 381 140 -38 -293 -79 378 413 -341 -371
-282 327 -254 -489 -61 64 -367 456 -419 -81 307 232 191 433 -439 -420 -290 431 286 55 -324 -60 218 473 453 -295 -415 -452 442 34 22 329 -214 87 -115 -350 100 -131 -129 -39 306 499 91 151 447 -81 160 365 -117 -405 70 468 -479 -444 -332 374 420 -382 280 -286 96 207 103 329 -417 -374 -390 -293 -348 363 -417 303 -181 -468 405 -371 248 -218 -82 -276 -231 -150 -153 -79 -147 37 -248 -156 -485 -188 280 -29 2 -495 479 338 91 -76 -455 433
384 -115 456 414 125 43 323 -203 -41 -211 415 -371 181 -7 -355 -349 133 -249 156 -123 140 -472 265 -121 213 71 230 -390 -406 250 75 -29 385 398 294 311 -297 356 -492 118 23 381 -356 303 -447 -462 76 -226 383 54 292 493 -427 397 8 463 438 218 -156 343 403 15 429 136 29 -245 -383 -79 202 274 -461 -83 38 -430 -381 269 267 -386 -209 -366 69 -94 -74 -318 238 294 -250 -382 -113 -435 -441 -263 -329 466 -163 -291 68 74 -279 -376
-176 253 -30 -24 -237 -435 73 -267 -132 -474 -163 -413 260 13 -328 69 -430 104 -434 41 -173 -431 352 -449 466 218 15 56 -225 -10 88 311 -21 202 394 122 445 25 -447 28 -70 327 -306 -135 -28 355 466 -364 333 63 17 -47 -277 499 -324 44 -180 -92 278 366 -452 248 -144 -447 297 -85 -460 414 146 102 432 331 -255 -415 -430 278 426 -362 -154 -191 197 -367 225 -298 -212 147 235 -447 106 95 331 -340 -233 348 217 -453 271 191 -36 -243
-433 -468 290 177 77 65 355 -147 -489 -322 302 -422 -140 -385 294 371 -31 134 191 378 -240 377 213 267 -182 427 -152 179 -61 193 -103 -23 41 -394 113 362 129 287 -43 326 -354 319 -195 329 24 -369 -186 358 184 342 334 202 -273 -284 345 22 178 -217 -469 -403 -260 -176 -348 408 485 -289 -194 139 273 -198 -476 -207 138 493 -50 -127 -86 21 487 -303 203 -486 -375 8 -45 42 286 -470 437 -438 377 -5 -169 493 316 290 -320 389 478 -349
1 -334 -342 393 301 308 343 -247 129 230 12 42 267 -65 -279 268 442 151 177 88 345 -58 27 -91 238 313 -500 313 397 419 -113 247 -291 -131 374 304 -350 -417 -46 76 -342 -55 317 -392 -44 1 -339 -372 23 -90 182 195 264 -439 139 53 -192 -6 158 29 148 -283 297 255 -484 440 450 271 76 56 -62 155 176 -72 -254 486 250 324 148 -225 136 472 -357 334 -384 -430 -405 -78 -465 50 248 -490 -59 -292 -199 -468 191 356 170 446
-187 -494 249 331 385 -173 -233 12 -62 -325 -350 298 -354 -160 92 155 -364 404 157 -321 98 365 237 462 -135 321 -155 -365 136 276 63 -330 -315 -284 -286 -351 159 -414 -262 269 471 -376 -102 199 -381 -267 -108 249 -404 -206 -261 124 359 -321 467 -194 -216 13 135 190 -474 124 -386 -84 -332 185 -110 266 310 134 -426 146 25 -32 -265 -183 161 -8 17 359 -38 205 -368 -31 -214 -166 488 -290 -319 -163 -240 370 275 -25 250 63 377 -48 -178 -212
385 -408 -257 -490 -500 -150 208 164 46 -473 -411 -201 -306 -145 -39 188 70 408 -499 397 366 -210 416 498 -71 -144 -426 -63 204 470 52 95 -481 31 -349 -162 -38 -252 232 -51 195 255 -175 156 -265 -473 64 -321 -274 18 -370 288 51 224 153 376 -269 383 -293 203 -242 193 258 484 -63 -347 -115 174 212 95 -30 140 -36 4 -362 -75 -111 -144 -51 155 -481 -369 -81 -168 -117 -255 137 -457 -319 226 -184 495 -75 180 457 166 114 -163 154 280
270 139 -270 -168 -184 393 -451 -324 62 -460 182 -490 375 483 -115 -296 -350 414 322 -35 378 86 -485 -392 -491 200 491 234 -316 301 -179 129 14 -239 227 435 -85 234 -264 -141 349 356 306 355 439 417 -303 349 -426 -249 -215 -398 124 -489 384 -141 218 214 -398 289 117 465 355 240 463 -116 -191 351 387 421 495 -93 -182 421 339 -221 260 -298 -386 -498 -486 -44 -289 229 -11 -44 356 251 273 -485 -223 21 -134 -21 149 -3 68 261 -463 -170
-389 -115 464 -78 -404 -207 -93 481 86 436 -143 297 -122 455 -263 404 -330 -112 -206 403 34 -422 -75 -198 -275 -29 -312 -417 231 -267 -258 173 -214 217 361 439 390 -6 -151 140 -460 -389 -64 465 202 287 170 350 453 -257 205 131 -255 -422 -148 2 -237 -47 499 -426 20 310 -143 -481 330 202 -396 366 -185 99 404 -342 174 280 490 -410 -78 -6 -438 119 174 245 182 -49 -37 286 -99 180 144 -267 -307 -485 -294 -466 96 355 5 -173 -287 -385
452 164 -418 -84 309 -279 -253 459 492 498 -376 463 -358 294 17 -453 -261 -308 -456 -62 249 371 -42 -332 -347 468 -119 -77 373 -155 -335 477 -205 -39 -129 -428 -295 136 -319 -241 -72 447 115 226 -9 58 -490 259 64 212 26 -280 -190 407 -171 -397 -88 -398 -49 163 227 178 240 -27 -137 -493 -154 64 -494 -357 -174 -11 -189 -397 -488 -348 127 288 -392 146 345 244 -200 319 291 -316 360 282 394 -356 -494 -237 -38 39 -252 338 -220 106 -322 50
-483 122 -149 -20 222 233 -9 27 -77 266 -397 -349 386 99 87 350 -267 48 -438 95 196 -232 -466 -32 -9 -78 -136 397 183 399 -142 -349 331 28 375 -63 248 -263 -12 404 176 -389 -169 18 -114 -149 -389 -267 -437 252 -327 10 -479 -73 -215 -182 73 101 458 -264 323 -100 -231 241 62 -498 243 -448 -100 52 237 -281 136 98 401 -475 -480 55 499 -3 423 -214 -413 -26 -313 -249 407 -27 -420 -441 -190 -318 -74 -118 -382 -306 -445 271 -312 324
298 -267 -455 127 -467 98 94 -441 -110 -376 496 -86 441 -298 -401 -211 353 -189 273 -262 81 -453 308 -195 -142 -446 -348 82 -464 371 464 64 -397 194 433 -338 -341 -443 -444 283 412 104 -125 -477 -354 -293 -498 -288 166 225 -338 -462 138 -267 -447 -482 -488 430 36 166 251 -101 389 493 478 -103 87 -499 469 -124 376 369 -183 83 79 -116 -288 241 -479 442 -281 -77 -85 157 -277 -170 376 -275 222 -37 -477 -428 486 -302 358 -132 -349 -4 60 -308
-336 73 193 208 -79 38 274 -341 386 107 -244 -197 -205 -286 452 154 377 -318 45 70 -123 -18 -173 -197 -312 118 -30 405 445 -469 191 16 362 443 -326 401 278 382 128 -14 41 403 -293 30 -177 -265 -169 -485 76 117 202 -227 5 -445 -450 -249 -4 279 199 365 -56 -115 -233 202 -202 293 74 350 -169 -386 92 -13 -369 -221 276 48 348 -375 210 121 369 295 -222 -11 -451 -362 -85 385 -30 469 -295 -346 229 161 455 -166 -153 -328 -71 -280
3 482 -296 -188 -408 -284 457 -474 124 -246 310 111 330 21 -6 -339 -492 -438 -212 219 -11 32 337 168 467 257 17 -307 -225 -116 -433 148 126 449 403 -401 96 -377 456 281 -153 -125 -263 319 -201 15 363 266 -395 -5 243 -302 -376 156 -373 -498 -491 -68 -187 419 -55 90 123 381 -130 -331 -19 486 -161 -316 -118 -58 -330 248 -6 101 -464 -57 -412 -478 -85 -36 -16 236 -434 -208 294 -173 -389 -161 270 -389 -356 -5 372 -422 220 155 -356 -73
217 -381 -122 -56 -422 458 -371 -54 -283 237 -181 410 -294 104 -63 340 230 -131 -212 158 145 -251 -281 -90 405 -68 85 -218 -216 99 -107 149 -239 -347 -478 342 8 44 -119 -223 410 -182 473 -214 -7 20 301 -130 240 -5 -495 -143 -52 157 -295 230 -148 -256 494 -183 -196 -388 -17 -328 38 310 -404 -195 -354 -51 -389 -342 259 -47 -64 258 -220 -419 -151 -404 378 -451 -296 125 -97 -308 -258 78 157 -35 -56 -238 363 -271 -134 309 363 318 -93 -491
12 10 370 359 331 78 408 433 324 190 351 -420 -106 -62 88 50 227 105 364 -306 219 -377 -98 224 215 143 -76 -210 -131 -471 174 -263 293 120 -33 -431 -55 -43 105 319 -426 -422 448 266 349 346 418 -408 -398 172 -499 -426 105 332 13 -93 330 -259 269 -217 275 31 -306 221 430 295 48 440 318 102 -312 466 99 -409 40 -283 128 -472 361 -186 460 271 -311 342 215 -411 -445 158 235 376 497 -217 116 487 434 -258 -297 -393 256 309
185 -208 -101 438 -307 410 152 -203 -218 -452 449 8 97 -474 -341 460 176 4 -277 129 422 -2 88 444 -399 -212 -389 -334 -144 -390 -386 -256 233 379 -238 181 -309 426 155 463 -254 -483 -178 149 72 381 115 103 141 -140 23 -219 -468 222 333 -451 277 -242 -130 -466 -201 480 203 -491 289 428 -263 -409 -386 -167 -250 226 416 -486 -136 -172 -307 -393 -418 243 -476 -295 -101 152 -113 335 -252 35 -472 -281 -236 391 254 -296 -460 9 -278 8 -230 -54
-144 293 330 257 -349 -471 428 246 -102 74 -175 375 -116 -108 246 -1 -171 228 -217 150 -357 -453 147 219 46 382 -209 486 41 -43 -119 318 183 125 -465 -411 -12 -263 457 -312 -124 -96 144 280 -139 291 -55 -281 307 221 -167 431 -89 444 113 172 -346 24 -105 258 -415 148 -497 -495 53 -473 -273 334 498 -405 -170 -430 430 433 -349 -317 -224 -458 394 -145 -295 295 -64 347 160 -177 -496 -67 355 -416 297 -285 -12 -345 -248 150 27 110 227 126
-167 -98 481 34 -434 75 -24 182 -324 80 269 84 -386 104 -123 -388 486 40 442 401 21 239 -239 32 427 -232 297 -282 -140 -408 -39 -418 -134 -404 -144 66 -446 -461 165 -99 7 434 148 169 292 71 -334 -440 -373 345 45 -293 412 217 -18 58 344 -464 150 37 58 448 -377 -339 -231 -50 169 -48 456 -460 -28 -392 -125 459 -97 62 -351 188 395 -229 -158 339 325 -134 -306 204 -28 283 302 -435 318 -338 296 353 119 150 -344 -18 489 393
-81 178 414 450 77 346 39 95 164 349 -43 381 293 -415 -299 -350 103 395 -349 16 -384 -397 -36 131 -405 -361 -38 -260 152 229 490 -373 -422 -459 13 -335 495 -14 30 -482 151 376 -56 -182 205 -404 -184 36 -370 -353 193 149 -259 -392 -35 -13 69 -394 485 -334 464 -490 73 495 115 -246 -129 158 -435 360 -64 344 415 -35 74 -317 -72 72 -11 -116 -118 480 -15 -11 -491 -293 -210 -2 -131 -358 180 413 284 395 -139 277 247 -29 -193 -325
450 114 496 -278 285 -342 -411 -493 -173 -169 498 124 -385 99 141 311 183 -301 -171 -345 -157 358 221 -39 -183 469 319 425 10 449 -198 -252 -443 451 -3 -292 151 -447 -211 -408 139 -117 -489 212 330 -323 36 124 300 191 -21 265 -85 -450 -38 400 -418 435 -407 -143 254 -140 258 236 33 -444 149 -146 328 -453 -206 220 -294 -112 -302 -500 405 -264 467 -106 -413 305 -75 130 -463 361 307 -366 386 60 -366 411 -370 -159 39 -181 33 261 -243 38
-225 319 -124 -91 329 363 -251 -431 346 -227 306 153 200 -97 279 183 -283 -319 -31 -260 -136 -353 -339 -257 98 33 36 -366 -252 -53 84 222 285 -271 -124 89 437 -183 9 451 -418 -430 -440 353 -25 -478 479 -388 283 394 -176 117 -174 -333 -353 368 -470 -273 221 189 -214 -361 -457 354 300 -387 101 -263 459 94 127 -479 -64 -456 -129 38 133 297 -112 -338 -188 37 -318 -316 117 -476 312 498 -201 363 -322 -87 -257 155 -244 -259 -453 -252 100 -317
-290 -113 240 -107 468 -413 355 -11 247 -388 -311 156 340 408 -191 -427 388 475 -354 -471 150 -64 24 53 69 -295 -36 367 223 257 -319 -218 257 -317 397 -350 466 300 -444 202 148 -69 -352 -150 70 -121 -204 -91 -240 -473 357 238 -298 -67 272 -232 122 308 -323 278 -395 134 327 198 -166 -33 -374 297 -271 32 -211 47 -234 255 -74 75 105 127 -17 -238 -89 204 -465 481 268 113 -151 297 -32 190 -153 393 -155 -175 -98 1 397 -305 221 148
259 449 -137 -298 -445 -98 397 -286 6 372 350 150 -219 -387 -131 -123 262 297 67 -411 -191 -387 214 370 432 -231 90 375 204 318 37 -269 262 -384 497 202 -169 -293 -17 92 -260 -400 -402 66 -162 -439 24 373 319 -356 235 -378 -93 -311 411 -250 380 -205 471 54 -199 -446 444 -363 82 -119 -171 223 -431 249 -4 242 386 100 51 -241 -425 -343 31 112 -281 -41 243 138 -354 79 -472 141 26 -271 -131 257 31 488 392 76 230 -408 -437 414
248 -84 234 -106 -132 -167 205 213 -170 -101 449 337 172 346 -343 118 322 282 -474 467 -376 -387 391 -288 402 290 -283 -204 -382 -409 482 424 21 158 423 -154 -85 460 317 -263 -448 464 -264 -101 344 -388 184 -166 -308 -258 -40 88 178 -361 -107 177 271 236 -460 140 -316 -322 -413 -338 -263 -268 183 -344 395 -84 -84 425 -186 442 92 329 -453 93 450 -83 -280 487 -236 -93 339 -40 456 263 -309 29 319 -135 340 -405 212 -188 437 -62 -408 -499
-215 -163 482 -323 -496 -178 50 -228 -349 457 -388 497 255 209 -141 -28 -318 406 46 195 -4 -244 98 197 421 -398 462 244 -492 -200 354 452 -258 116 241 -56 -39 -424 203 313 474 -252 179 -484 -323 224 -435 144 -166 129 -425 211 146 -63 282 129 -482 -303 328 12 -444 -30 110 4 428 121 -375 -487 -264 210 424 -154 -31 180 416 172 -366 -247 -172 308 466 354 153 431 -198 -431 -131 163 -372 -117 -329 -416 -341 -433 31 339 81 -44 -337 134
-311 -475 -450 -244 287 -125 409 -487 -85 86 59 -417 -164 -337 254 128 -242 465 456 56 -361 170 -46 -227 -488 453 -79 -140 270 387 138 166 -100 5 -271 209 -139 -248 352 162 -183 307 483 -352 479 265 370 212 384 -132 175 72 -479 -406 -41 68 177 -472 341 -150 376 6 -391 273 -174 202 -390 310 287 -96 91 -250 -164 61 -215 465 -373 187 -202 476 490 -344 -301 -395 84 175 407 -122 -455 -387 115 9 -355 274 -21 436 -296 28 -473 -160
-345 -192 -458 -360 291 -409 -499 148 341 -111 385 -467 -143 -276 -114 57 104 -138 -499 73 296 496 409 -284 358 -5 387 101 88 261 55 376 -248 -124 164 481 366 -21 281 272 100 83 -74 360 -309 -383 -484 -257 465 195 106 -339 -308 39 7 -7 373 283 298 343 -278 143 -93 288 -189 176 -283 186 35 470 -426 139 67 287 -38 -315 -298 -326 -16 290 221 166 63 486 44 339 403 -498 -311 -234 -406 437 -252 219 -206 324 173 -42 90 54
124 210 -97 -446 -179 -387 -265 347 421 283 -190 -79 304 450 -435 -455 -157 -130 -472 -48 -379 213 -15 -179 303 -127 143 -38 -100 164 -293 -362 -94 -331 -164 -282 92 457 439 -257 -177 403 274 -65 441 164 -105 485 116 415 -486 76 -70 -456 -203 -83 472 164 -112 497 104 360 -483 338 -168 466 329 -400 329 5 -334 -113 462 29 86 385 -33 -7 134 105 290 -142 -407 -341 419 330 -208 124 -277 452 -401 -354 316 217 308 89 -204 230 -233 -178
390 199 -418 138 -462 498 -120 153 196 4 -486 345 -167 -362 269 -340 -364 -324 -300 -492 139 -11 -55 -204 -232 232 491 485 -224 322 -282 471 -34 440 -77 26 330 42 -419 -62 -223 91 -384 74 32 -266 -352 486 241 147 315 -77 -482 154 63 385 -110 -482 -3 -195 -179 391 -395 324 55 -214 -14 -77 384 -488 424 393 389 -229 -264 -41 278 -235 3 -51 -296 -468 284 -451 238 -43 -167 -368 -394 -389 371 411 -88 82 -192 -342 -312 261 176 -198
81 36 -30 74 -245 60 136 115 -469 9 217 337 -487 457 -129 -366 -157 135 385 -175 -31 -260 -235 -81 -392 334 -181 -135 -84 -238 -488 119 -459 -489 -391 37 209 361 242 136 84 385 -309 83 -132 -179 179 97 49 -422 201 -313 -233 -182 -144 75 317 -453 -375 -213 -425 -211 238 326 412 28 214 -174 2 181 82 -429 45 -18 -7 -238 117 440 -16 -13 -385 312 -495 -309 -133 -396 -141 429 398 -333 -323 -194 -422 -56 -302 312 209 446 -447 -437
362 -50 -374 278 -306 288 -374 -25 331 83 308 492 -3 220 476 -85 -235 -424 -347 325 -166 109 277 -116 114 241 20 333 -217 428 94 253 336 108 286 406 -317 -437 -364 -136 451 -369 -154 134 -499 -472 0 439 87 -301 37 488 -210 -179 -456 499 395 -267 -131 466 -402 -397 247 230 333 -1 157 -276 263 438 270 -241 181 -366 -1 -380 -36 -488 326 -304 -202 -199 375 474 3 216 -214 465 228 -468 -103 275 413 376 267 41 354 -147 476 -323
-196 -323 -112 -194 -172 -232 128 -15 -414 -46 338 320 102 173 -263 286 -197 468 -3 429 -167 -245 -49 121 -335 455 153 145 -391 267 107 157 9 -139 8 456 -222 108 107 -148 406 220 -490 168 -362 -269 -336 -262 -334 5 -55 35 131 391 -312 115 332 -289 287 -363 -18 -468 -95 -458 -498 48 149 -357 291 54 249 423 156 79 155 -75 13 -365 17 -115 108 198 131 224 -434 95 -304 489 -181 167 84 -317 -42 -376 371 279 104 -222 -79 479
-60 331 -343 29 -460 497 177 -201 -244 -357 288 398 -169 365 495 219 -427 105 84 428 34 225 236 -496 -37 -135 390 -399 413 -156 70 -142 387 204 -327 380 340 -403 -423 488 422 -206 -276 75 334 158 -496 -360 -234 -305 -434 -129 355 93 -242 -34 48 338 363 134 -296 353 233 -329 -386 282 -110 -358 407 84 -168 149 -46 304 183 -132 258 402 252 276 -246 411 248 97 302 437 -282 -139 -151 81 -27 239 416 431 169 -306 -289 -380 -331 -321
126 264 -185 -309 275 391 -131 106 108 -479 290 -310 -461 -81 33 -28 490 408 24 437 -137 -397 144 -350 -320 -116 -336 124 -374 232 -461 302 211 241 -277 2 -380 79 -275 -167 306 73 -280 179 299 279 125 -381 125 -37 468 196 224 485 312 227 392 363 -336 -230 -349 -433 -220 -320 -397 471 -132 19 182 -319 -432 180 84 146 -171 -63 360 -154 -405 -89 -484 161 266 366 -396 -50 -362 242 -349 -36 -203 -463 -328 31 148 373 -269 301 -306 418
-105 267 -163 1 -460 421 -488 465 -302 -371 349 -189 213 -20 35 -241 128 -409 -403 15 317 406 -496 162 -92 182 390 -492 405 -135 75 -291 453 209 112 -97 100 -278 -466 -202 56 -75 -484 155 -491 42 -206 -361 10 -426 -145 96 -366 412 109 178 303 181 -391 459 124 452 16 458 -332 380 112 -375 -437 311 242 195 -126 385 468 -198 -379 -483 292 -417 -4 485 167 -326 221 89 -395 -246 176 -201 456 -246 -1 128 -332 400 -415 -438 432 -86
-385 -25 80 42 -451 192 -472 -62 -116 4 219 262 254 315 -237 -250 -109 218 127 -332 -348 277 321 -132 -329 237 -409 10 -343 -296 124 -468 -74 489 -237 -421 46 288 -358 -144 -225 451 -59 366 71 -484 -19 -81 -366 8 331 93 -261 -4 -105 174 321 277 -261 -73 -280 -240 30 468 -127 261 60 58 386 166 -250 -158 24 362 -439 -497 -60 -28 -475 -153 -195 367 -317 -162 153 9 -494 231 368 473 -462 -66 56 134 -191 103 -311 220 -60 -238
57 -12 -197 245 -178 -425 339 -429 297 214 422 -252 -351 109 -42 -359 -469 -236 -330 488 -87 -360 156 220 394 272 380 168 -429 140 482 17 -297 -319 265 -131 410 -336 -158 -329 -224 161 148 -24 305 -272 -494 -454 309 -282 107 202 476 384 -147 42 10 -405 352 222 -258 -348 420 -213 -398 205 -409 371 193 201 -422 -291 -181 -112 358 46 -119 69 -333 -316 -113 -344 306 320 -466 -129 -377 120 -489 381 -217 345 71 -128 75 57 -346 37 -12 1
-191 119 275 -111 -315 381 -171 403 25 -58 327 248 85 -311 422 370 166 -190 -403 -325 -291 135 -455 75 -307 366 351 -369 372 397 -323 326 480 229 -436 -383 366 -333 -435 -392 -3 309 389 -450 -267 165 -147 -51 -263 212 -500 292 -121 -29 -198 143 466 480 -237 -393 111 -180 328 227 3 -148 99 -480 -476 44 -309 353 235 222 27 327 438 393 -483 37 -152 -491 436 346 383 -246 -303 407 -417 230 -203 361 272 493 117 -188 -417 427 -96 -3
235 -358 -39 150 -314 302 38 208 269 208 243 -450 -233 385 -154 21 388 -92 -126 254 335 206 221 477 -428 383 -106 2 -192 482 -165 120 176 -241 -215 -98 -458 222 485 212 -389 418 -87 200 -116 -193 364 -486 124 32 134 -171 457 -67 -144 -150 108 484 416 -445 280 78 476 52 -244 259 -147 -442 258 220 -32 164 316 -224 -338 52 131 286 314 363 -351 439 -467 -107 358 43 57 276 -397 291 277 -371 399 312 58 471 170 -403 -77 440
-61 81 311 -424 69 412 199 -306 243 -394 -426 241 499 444 -61 -104 -262 165 -191 171 -52 156 -316 -391 -331 430 -376 293 -466 -15 421 -417 163 -326 -415 -105 -341 176 445 -380 -58 -340 196 -451 64 -194 270 212 -451 464 430 -255 195 496 13 75 51 248 -326 -448 1 -186 292 319 114 -391 44 -465 -339 -119 178 176 -479 -198 165 -231 55 -114 402 -274 293 425 1 -412 23 -288 -315 10 -233 -9 -131 219 -91 479 211 157 22 443 -363 -5
-161 -321 144 -399 361 318 -275 -46 -67 239 181 -49 320 164 97 47 -278 45 -403 -125 181 -129 138 -27 260 -104 424 398 -313 215 -405 114 -346 129 -14 54 414 193 170 433 23 149 -443 383 152 304 427 185 -413 224 246 -247 -337 -482 428 -16 -463 -387 411 381 374 288 236 -373 496 444 300 338 -233 -401 -421 236 169 59 -453 49 290 485 -207 210 384 -42 418 369 148 224 317 -126 -340 -412 -405 -125 447 48 -420 -445 -63 -255 -473 71
-30 433 -5 -419 -189 381 382 215 242 -356 93 -271 -428 424 298 -91 343 268 -311 -468 410 108 482 95 -182 199 -89 -90 169 -144 10 474 -82 284 318 -461 409 -389 313 164 -259 300 -234 -230 -331 -250 136 276 -447 86 203 -340 -130 -59 -378 -406 158 290 50 -195 -234 487 -27 -485 464 89 -270 -479 12 -112 -161 153 434 -479 260 449 66 -368 71 214 277 260 -326 -258 -192 257 -160 418 -492 -209 440 40 34 -17 -285 135 172 350 140 456
136 -114 249 225 154 -45 30 -86 103 -393 -481 378 174 287 456 -201 272 -311 -107 -389 -207 -101 -169 -356 119 -84 292 227 287 291 -87 -437 167 423 295 -203 -260 285 -329 -430 -4 14 400 441 126 -480 250 -302 -261 200 -108 -339 294 175 131 55 241 -204 253 295 62 -426 80 -220 40 357 55 476 205 -381 450 -82 355 242 -170 -8 -157 60 198 363 -192 351 -488 418 -354 -409 -33 423 174 155 128 123 -129 -183 -183 390 -186 -373 -332 -347
-476 -315 234 375 -401 -467 -305 -72 -440 339 497 475 -457 -474 -477 -163 357 485 -434 -93 261 197 -358 -445 -186 -439 -196 381 -113 -439 465 171 334 -15 -193 -213 55 28 418 383 482 198 191 219 201 139 131 224 -446 312 90 47 -301 -391 444 -96 305 472 -497 -43 -431 -125 -358 -277 -173 -452 -75 353 469 284 -171 138 109 458 -370 -20 -22 280 -152 47 -223 -141 417 -127 39 142 -5 125 476 192 -471 -379 159 71 291 -128 -294 361 -12 -358
459 56 23 -1 314 217 319 -359 -124 -366 -78 98 -113 464 329 209 233 475 191 352 -10 -4 -294 -43 -128 -131 313 391 -228 496 -83 141 25 179 -18 495 227 -196 -66 -88 334 -349 397 272 -10 73 167 345 107 110 194 237 -57 -198 182 113 -149 -354 194 344 -385 -197 -146 394 -145 99 -238 -271 250 -188 240 -86 57 -217 69 460 109 187 -246 -147 205 462 -450 -412 276 -8 -485 -248 -23 -482 -40 -450 -302 -392 -202 353 -423 495 216 277
109 24 344 491 -37 214 -249 -141 203 219 -447 -329 -367 213 29 490 -6 -34 -469 417 -397 -7 5 -56 -100 127 -352 -201 354 332 -22 -124 -177 -430 -362 -28 331 152 -23 418 98 -262 263 -412 323 -280 -319 -465 -263 -322 477 -6 109 -482 427 -399 171 -345 -160 -440 173 -414 -108 66 28 -426 349 286 153 414 442 74 -480 439 -28 -134 -362 -299 174 290 67 159 -339 -214 351 108 -81 -478 -26 13 -112 -335 -122 448 25 -377 -404 -225 372 111
-293 -406 370 -439 182 -225 -188 -291 317 -186 398 392 155 351 -18 -231 199 -101 397 -39 256 -235 398 -70 449 131 38 -33 -28 325 -396 499 -348 -448 254 -7 296 -291 -426 -412 126 -407 311 -482 55 75 52 -183 -461 456 -300 -85 -113 -67 -344 -476 -51 119 -442 163 -312 365 -140 -251 -111 -472 182 468 -138 -176 457 -34 -273 -92 -193 94 -193 -267 -132 287 495 -186 -358 493 283 -38 -199 -209 -422 53 433 203 -145 158 461 94 307 447 279 180
323 -133 301 354 60 -228 -483 114 -85 101 223 489 444 -355 129 -219 326 -368 -10 -161 -161 -178 257 -376 -248 316 82 -125 257 208 462 -52 -388 27 26 417 -243 7 247 357 310 92 -2 -494 164 433 406 252 268 -390 87 230 -25 358 48 47 -392 -468 327 -97 -163 -214 -348 421 0 -360 452 -149 39 359 -348 167 -215 -473 334 326 -236 381 38 -409 -29 258 -77 -490 -185 89 -250 358 -444 -361 429 -359 72 -81 51 80 -157 -490 -367 -421
-66 -12 -384 121 -169 459 -155 447 -376 19 -211 409 292 358 298 41 154 -352 227 -100 209 -152 -414 112 317 -34 -257 -370 -337 193 153 -313 482 425 92 347 61 396 -66 445 -406 15 -427 -105 422 -175 79 -65 311 -115 -154 130 42 -119 5 359 444 -77 -85 -472 117 333 42 -352 -361 314 267 281 -255 300 -266 -437 395 -131 466 358 -170 120 419 87 -279 381 -366 154 381 -211 -287 67 -66 95 177 -40 -304 258 -292 171 121 306 341 -404
-398 -337 80 -144 -423 -66 -279 -431 -336 131 483 -287 434 425 39 -322 -419 -274 287 -306 304 10 -354 121 -464 149 56 409 -148 335 -398 -223 -340 131 -358 -284 -42 445 -422 -401 193 241 -214 -173 -402 15 4 220 -399 -118 -240 -258 477 464 -462 -364 -27 264 133 308 -8 -395 462 -12 306 414 -75 437 177 314 -259 -262 388 108 322 -141 -494 -433 -288 -76 341 -497 26 178 209 222 -475 -293 379 -490 -324 114 102 -270 445 141 180 207 -444 189
214 269 -132 -32 81 -3 233 -9 -209 183 -169 -334 -265 -233 -396 91 245 171 -304 -211 479 348 -418 -449 -285 -381 308 -449 -83 63 170 192 -399 -484 397 16 404 287 29 -493 127 306 373 493 -312 362 -111 197 165 -432 54 -297 344 282 172 -386 -203 -447 337 -327 118 11 33 281 201 -500 146 -180 -397 -474 -118 -397 305 118 317 450 290 -488 37 -305 -406 385 -25 328 202 -437 240 -305 -375 -281 -116 494 308 411 308 -59 -373 -317 470 176
-14 -407 -477 183 -422 -125 -450 -422 210 -190 24 364 113 -20 -212 149 -433 455 -349 298 449 -57 -197 -450 -108 482 -181 -376 -464 401 -108 381 160 -306 222 456 -206 424 344 -182 438 205 -320 295 255 407 263 239 44 305 -304 -100 312 219 -465 75 36 100 135 -378 64 -284 275 -447 -354 256 -481 324 79 -465 -288 229 -149 80 -308 -348 -358 -194 379 94 -307 -385 262 -354 -423 -218 -461 265 62 -260 438 -63 -215 61 138 256 382 321 -305 66
358 314 -115 -143 -87 -181 -64 -358 144 245 -180 -147 -387 -401 -9 -344 -418 473 -399 -100 -63 -101 -59 -486 -215 35 344 -465 -58 -463 284 364 -229 101 421 -193 197 327 -270 469 150 401 157 -230 436 -59 -485 -220 353 -247 357 -454 213 -381 127 217 -218 24 108 258 -467 -174 140 179 -160 263 -132 -205 -203 97 43 25 -282 268 -247 -338 -437 94 -328 491 -216 162 168 46 152 -377 153 -58 -339 -399 -21 -111 -112 390 289 -212 217 -82 -494 -183
328 -416 148 16 287 68 -458 -229 -55 147 294 -358 -97 132 -237 393 145 -139 255 -49 -30 232 -404 -308 -131 -419 208 138 32 -61 -448 -203 111 -383 56 173 87 -12 451 352 75 292 -182 134 -463 -413 107 -329 201 281 -45 361 411 -68 -146 -387 424 223 11 -229 391 -138 -375 240 174 368 401 -475 224 -349 -211 201 395 -247 302 179 349 -112 182 69 315 159 423 -322 436 1 273 189 -83 166 -240 -121 -27 452 -492 104 -453 -323 -320 248
