60 60
52 -494 223 -174 489 -99 -378 -315 272 325 281 -485 463 154 -167 -356 -249 346 -465 -490 -378 413 -276 316 -155 -365 -66 -244 -495 417 -274 462 63 -349 134 -492 354 139 -488 -75 420 -119 -245 451 352 -227 357 47 -188 -472 -316 221 244 60 397 447 166 -282 -465 -147
-1 -276 -177 2 374 93 24 -300 178 342 83 77 -9 -151 -448 371 -420 184 -423 48 -106 -227 306 318 463 -351 -435 -86 -481 -497 150 289 -414 -255 415 -98 -414 -500 -88 77 70 -163 456 480 473 29 -483 135 148 249 -442 306 -29 352 -358 -282 139 411 -78 -182
-251 -116 30 296 -379 50 210 482 130 -481 -34 -54 49 120 184 -143 -64 -78 257 -371 452 378 -270 354 -470 -165 443 403 144 -427 367 103 435 109 -50 -162 332 55 454 -301 79 96 -157 -197 -221 -291 -299 267 53 199 363 -76 174 60 -321 -441 350 -30 -483 381
294 -199 430 -285 85 -326 -61 493 379 60 314 193 -469 342 -210 -34 134 388 -6 -413 9 -159 68 -462 -156 -279 -40 -199 -400 77 -483 -15 -499 -282 -229 254 17 -221 361 118 -429 233 -472 -475 462 330 156 405 79 -275 -332 445 240 17 256 408 -244 180 -330 -170
482 186 -368 444 238 -430 -68 -25 -249 -297 -146 25 -400 -214 212 303 -114 -125 55 -345 -260 227 429 -453 -244 -196 -278 266 -478 379 426 -182 331 -356 -66 432 44 -394 15 378 -143 -495 425 169 109 12 36 288 10 -376 -215 -50 227 -451 -100 88 187 -247 199 -293
466 371 56 -314 -482 312 194 -286 150 276 -76 54 -473 -71 254 164 -4 -448 40 194 -280 -389 -342 -66 338 331 -223 -212 305 -145 -385 -146 4 451 -10 198 -219 314 -85 -301 -260 499 230 -91 237 -374 -359 -205 -475 25 -59 -212 479 172 -417 64 238 371 -294 401
-378 -43 453 21 -375 136 -236 -278 -280 -45 222 33 359 230 121 310 459 141 -38 -279 133 -315 111 181 212 364 -95 15 -484 298 182 -423 -129 149 -130 -292 199 -495 324 -325 55 305 -165 -287 381 292 20 -252 -228 477 415 71 88 -185 290 -157 -337 294 239 118
-207 -249 179 -380 24 468 -140 -485 280 352 198 -311 35 96 -185 -61 250 47 -272 168 -96 298 -420 -469 -458 157 127 95 117 103 22 179 -131 -177 -379 -46 -156 -98 491 -214 231 244 139 358 -71 64 129 138 -47 -355 207 438 107 490 -269 -373 -227 340 -310 -162
194 -93 -360 286 -209 317 273 409 44 -246 175 178 497 -298 -125 173 -284 -227 413 42 207 315 -371 94 -440 322 311 102 -450 -451 301 187 49 337 -29 -94 60 -2 424 -433 -7 -491 -266 99 187 -357 -48 -397 10 -149 -161 -146 -438 353 -310 260 325 470 -325 319
-154 -483 -430 -29 171 -73 -233 -255 59 -61 -183 -406 -130 -51 -344 -245 -113 -172 -249 170 373 364 -255 278 461 182 -421 371 -428 445 487 394 -77 -73 377 190 -444 -247 -405 -368 -441 -302 366 469 3 -411 290 119 -150 213 22 -329 88 -166 46 -446 70 -215 -20 84
128 37 -65 -67 6 -220 129 -237 209 400 -287 -337 -205 16 352 -224 493 -439 290 48 78 -106 415 364 273 32 -340 402 208 433 144 452 401 471 -218 459 464 -433 298 -320 194 181 -29 -93 -252 -26 -385 236 273 -47 399 481 25 -480 -230 -265 -326 -31 404 375
11 363 -25 324 -124 359 345 -12 -64 37 64 49 209 -50 -107 -305 135 -87 355 -251 115 103 371 -65 -380 87 -98 -261 -232 -313 28 388 135 -166 286 -267 -404 116 420 216 91 -96 409 -373 417 -306 167 111 -104 22 491 419 -116 24 378 -174 0 -335 -362 -352
-223 269 -263 449 406 278 -272 318 360 -86 -415 -53 -193 37 167 409 -305 470 -85 -293 403 380 -264 29 -15 316 -135 230 448 -91 451 20 490 -369 409 159 -174 439 341 -126 -5 495 398 -199 -370 492 -194 -283 -109 -275 -443 -413 230 -367 -75 241 212 -410 -401 450
-447 -128 -71 -185 -417 -420 -106 -206 -93 176 -350 199 161 -352 -327 8 -360 -148 -467 115 -226 -258 459 -135 -147 -110 -99 -299 242 113 19 342 84 304 476 -59 -206 21 220 -363 -196 258 -497 -373 131 19 32 217 78 -406 215 20 456 451 -478 123 470 -269 3 -368
-357 196 106 -378 -481 -78 167 173 449 -305 207 352 -167 237 224 -291 95 48 -70 -195 -379 -398 17 95 -214 -383 -219 -61 406 482 32 327 168 -375 358 -389 -4 142 281 -33 421 247 -36 175 -405 486 60 -64 -196 474 484 -128 -473 105 -184 289 94 -461 -182 454
-304 497 350 -388 77 31 -288 99 317 -355 -181 -442 72 205 498 316 199 -467 -296 -300 -29 -85 323 -461 -498 50 -30 496 425 -1 -429 2 -343 -442 -484 -185 -9 -371 217 140 -107 210 -454 217 94 -271 -257 321 -173 -63 -293 246 113 -179 -327 12 214 357 -297 -348
331 375 -333 -109 11 -497 237 -61 50 -274 -207 456 -92 487 -434 273 -224 -325 421 -118 -136 129 397 -108 -348 11 -250 -277 338 -68 123 -171 -123 -476 -78 -174 -494 258 365 10 311 -15 146 -45 355 -467 61 -446 352 164 394 194 219 -290 0 -142 -77 57 -418 -343
82 244 309 -104 225 187 231 335 -265 -333 178 465 278 81 -73 -246 -104 -263 246 176 359 -64 -74 -72 487 130 -241 -495 208 -355 -115 -77 341 -172 -431 8 -283 -327 -444 -132 423 -1 -181 285 20 357 168 -248 397 168 -182 -6 368 307 333 444 212 -86 92 244
315 -29 -495 446 81 4 -63 310 -239 0 464 190 -349 285 346 429 89 351 -313 144 -407 -22 292 -232 219 364 -111 54 -129 309 315 -445 -86 -85 -399 -23 -146 51 -228 -281 -154 -338 -84 -90 -189 -433 199 -235 458 332 308 -343 -370 292 -414 -152 -169 29 111 -226
250 -479 -137 210 -226 405 -475 -25 142 398 -409 -344 -277 -187 98 -480 194 335 -321 28 23 376 315 354 196 -119 59 -474 -370 29 35 389 229 -330 -406 -36 149 -316 -294 -217 -164 307 321 490 -25 -16 273 -307 405 28 195 25 81 88 180 71 -228 -202 234 -181
-134 -244 223 381 393 -246 444 194 -264 309 29 -300 353 286 493 421 -326 122 -324 -466 343 89 83 127 -371 -245 -433 -139 86 -71 -399 487 141 392 78 -199 18 224 356 -421 83 -88 102 408 -62 306 282 316 -168 407 27 25 -120 -466 -357 -65 337 -269 -357 345
41 -193 -165 2 110 273 -158 -12 129 488 311 8 251 -291 -79 113 276 273 -100 31 -255 497 487 -458 -109 -423 -415 193 -425 -118 28 150 -303 38 464 105 82 469 -473 75 268 -17 127 -26 -316 -114 -220 -31 -169 179 -489 424 361 171 316 -16 162 -490 -79 352
-167 -199 16 175 -263 350 207 -132 -426 -351 228 12 139 -280 275 -258 -199 98 -7 339 53 -14 -214 255 -422 -306 281 474 422 -393 -267 489 -246 368 493 -194 494 437 481 121 -183 -200 -7 -477 -42 123 70 -162 -170 -232 59 208 -160 177 10 -330 99 255 -213 -274
-17 255 159 455 18 355 -212 -213 364 11 -163 -303 -285 -65 476 9 412 -471 136 0 -437 -126 104 356 205 -229 -193 313 -311 -366 -42 26 406 -347 393 484 146 -138 -142 150 -401 107 452 -14 32 -246 420 146 475 366 -305 137 186 458 -187 145 59 -449 -328 -354
-328 15 -23 338 492 146 -188 -251 140 116 326 -399 230 66 -209 -296 271 229 -320 479 484 -298 222 -98 -172 84 495 463 153 -406 -417 -266 329 369 -497 -431 -466 -212 200 -310 -371 -59 -386 358 366 238 344 -34 -163 203 59 298 61 -307 -91 327 -332 -261 196 336
428 -283 203 -446 -184 403 16 -105 88 494 -238 295 -342 -30 216 -84 379 -135 -7 207 122 -12 -380 259 341 -282 22 209 -433 69 -260 163 -459 -123 -317 136 494 -166 447 44 285 481 379 327 141 -257 -291 -446 466 -101 -404 359 -130 -90 -405 25 352 -235 -138 231
-31 -202 20 -263 -235 332 450 4 179 7 251 -280 -375 309 -114 375 416 -64 -82 -230 -309 318 -292 265 292 214 215 -84 306 -25 300 197 -466 231 146 376 260 -340 -483 117 -352 5 -70 362 60 407 -49 18 -177 -399 -27 242 -169 12 442 63 -108 146 -282 89
-149 366 -332 -350 -207 -201 428 40 -108 -52 31 -124 252 -9 108 -485 -239 5 -83 480 412 -105 -93 237 17 147 -85 56 124 410 354 -147 309 432 -208 120 -435 465 457 228 -299 437 -22 396 31 -354 1 432 373 -161 176 -83 -141 196 -377 -149 -398 355 -23 -327
-61 474 403 -466 111 -419 -54 -202 -113 -233 -435 -88 164 -357 -119 30 188 65 380 -69 -445 -90 176 -465 -295 83 -178 99 -174 112 281 41 116 -200 -414 -188 262 -66 191 -18 150 477 163 90 120 36 -467 63 -467 -82 -43 33 -104 -390 364 -436 -182 -444 165 -182
-169 -497 -127 -176 56 382 457 258 -373 -447 181 -194 -42 308 -96 -319 -217 -16 466 249 -26 -440 270 -10 -179 322 -215 307 -379 -178 -216 293 -102 227 -156 162 254 303 -146 144 423 456 -193 210 -438 -119 -219 111 9 -140 305 -157 -285 404 124 -456 41 326 -383 415
-4 -335 369 44 263 -129 383 360 281 177 -144 11 -451 63 129 316 -498 -491 -480 252 427 431 103 480 -164 10 124 74 294 -332 44 163 -412 -104 -187 399 -48 278 -247 -330 207 100 283 136 249 126 -57 -336 -460 -298 -444 128 442 -58 -306 -124 -95 -444 -108 -410
-297 105 -339 491 43 -408 95 -315 149 54 343 -56 17 210 419 48 431 -73 121 -23 315 -500 50 312 -384 493 159 -286 -316 280 35 -168 -378 -92 470 -199 -384 469 -180 -114 9 -424 -185 427 422 -421 -238 22 252 238 -263 175 -52 206 318 -433 411 340 -179 486
-216 -162 -195 485 -383 208 -254 -299 378 32 257 -428 -137 199 188 -391 315 -483 -49 -323 -442 484 -234 -110 -85 -392 -471 195 -247 294 -350 229 -1 -48 158 132 180 -468 213 433 -379 479 -134 172 188 -2 222 105 441 44 -173 -260 -156 172 497 175 123 -49 90 332
73 86 -407 233 117 -484 229 0 428 -74 4 -263 -59 -179 107 130 -269 -331 466 -449 -178 -228 155 493 -391 -443 -82 186 -163 -454 -169 487 232 -245 -296 61 289 -262 -221 415 490 -230 463 452 152 -115 -416 123 15 -187 -169 462 255 -345 472 332 -500 90 -331 395
432 38 -288 -372 -340 197 -326 215 -274 253 213 83 179 468 117 -102 413 -11 -483 265 107 -197 -318 -436 -252 -330 -77 149 488 69 -83 353 415 -63 -365 305 212 75 171 117 -34 -488 149 335 -67 -255 310 479 -409 -142 356 -357 149 -405 406 -232 193 -228 -253 142
327 301 119 -314 -119 170 -75 356 -361 -25 -275 -322 493 337 465 268 498 297 -426 -401 -352 -331 -260 404 -273 419 -433 -31 -148 34 -295 -368 200 99 85 149 -123 421 123 425 264 -452 -41 -179 38 -215 -213 -443 -98 480 -112 397 250 174 283 194 -214 125 478 -22
-32 -7 140 -274 -338 77 29 -174 364 -193 225 -222 -382 169 -354 164 -365 -338 -483 266 172 -109 -107 497 -50 -244 -439 -479 -443 -464 -408 -303 -5 -13 -85 -361 -106 481 30 266 147 195 235 -121 -283 -295 214 -408 134 -16 146 245 254 -213 445 85 213 71 18 -228
2 -144 -38 174 20 204 171 314 -187 90 289 437 218 140 -482 -96 83 -356 -169 -378 244 -249 -32 167 -168 -164 -267 25 248 -196 -169 -193 342 -300 -413 -121 224 -476 301 -247 169 -77 -312 -98 45 -21 -466 -349 -258 -5 -156 46 451 -184 113 454 -67 472 -132 328
-18 -497 -193 -468 239 -177 -104 278 -459 10 36 493 352 -378 150 473 39 320 410 458 334 -245 218 382 -118 -332 420 144 -319 238 270 352 120 -292 2 415 -453 108 67 286 -424 489 448 -64 90 -228 181 -6 -270 -255 -276 -60 -380 -417 186 -203 353 -495 -250 -461
173 141 381 361 -217 -291 -69 189 -18 -207 316 166 -440 -315 178 -30 24 -253 -259 294 -182 -128 414 10 -160 -275 -285 85 407 -70 90 -328 -8 -54 -106 104 -60 -380 132 -265 245 380 82 299 248 -231 271 -437 -245 255 482 -345 167 148 -76 -280 205 -31 -67 45
-411 -361 -464 -423 193 372 -417 -151 284 137 -189 101 -481 -451 322 448 -24 234 77 -467 -347 105 301 48 -182 -63 98 484 -94 -103 183 -7 79 -133 50 278 466 319 154 -362 372 25 -263 391 -454 334 457 -39 209 -18 -208 373 -7 266 157 -46 -313 31 136 158
161 275 -442 34 379 -184 386 253 -212 101 213 -400 -313 51 184 -272 -350 -219 -327 -157 -343 73 140 173 -8 -216 -74 88 -370 429 384 285 259 -316 1 475 189 470 30 -311 263 381 -82 389 248 -212 294 360 -217 483 264 -300 58 -486 -285 -21 -109 -145 -260 -75
51 489 121 210 -409 -280 -302 421 -284 240 -326 358 -474 208 -59 -86 -459 292 235 158 469 -248 430 283 -426 -67 -6 222 66 -355 299 -206 -302 261 -392 390 214 -116 99 493 388 104 -333 86 135 -328 300 -164 -126 101 91 -90 95 114 -245 171 -438 25 -278 -252
-4 -172 149 -44 213 -24 -272 426 32 -189 469 107 -392 357 351 438 17 102 124 -173 195 433 349 23 -490 -165 -151 -472 473 277 -153 -130 44 -132 -170 345 -232 -439 -359 -87 297 -135 50 117 -403 -206 433 7 -350 20 -22 120 -96 458 163 -193 -313 -283 160 7
301 157 426 -360 85 54 -12 -446 -297 -184 -184 -481 -391 339 -314 378 134 -461 -380 26 -492 340 -389 -36 -425 393 116 -353 201 232 453 -2 209 450 491 326 -280 132 -47 54 90 446 -201 -116 40 9 -311 -83 110 451 -179 -419 -395 -409 169 17 121 -327 -346 147
-423 -273 431 -90 -164 -211 104 476 27 181 -132 -192 163 293 -207 -66 346 -387 -162 -205 355 -357 -168 97 14 14 339 -62 47 364 -78 -200 -35 -362 80 130 396 -420 -238 300 -376 -218 460 -421 -241 199 -241 330 410 383 -286 448 -137 -295 126 -74 -346 219 204 -345
-450 -220 -301 233 -228 408 -372 469 467 73 227 -140 400 93 -176 163 84 221 -478 -471 328 451 68 225 -171 -79 223 144 291 391 332 -248 20 -151 423 -366 -85 476 208 354 -279 -477 291 167 -329 3 -367 70 -271 -389 238 142 352 105 -448 -247 210 113 -161 -409
-79 122 157 213 402 193 382 197 339 -345 -254 220 -407 -375 439 330 402 -20 -270 -120 -257 -407 -228 -126 290 402 -360 21 422 113 -124 -353 468 -126 351 -422 -458 197 277 -283 -311 338 203 257 307 140 399 0 -483 418 -70 219 -322 -223 235 211 40 -481 -51 -296
-58 -410 -234 174 10 69 -149 -158 431 448 388 -361 -283 366 156 -206 146 -174 311 348 390 88 -288 -189 -65 -178 -235 -340 -403 69 342 269 -17 366 314 175 212 170 -242 -89 71 279 -281 -500 346 19 -130 -358 -29 345 -291 67 46 -34 51 -240 62 -366 -17 334
195 -487 -101 -456 424 -400 -45 -440 -44 332 240 326 245 -292 277 -138 464 24 -339 469 156 -379 430 422 -21 8 -428 -347 -380 -318 431 -409 26 -187 204 204 247 -254 -359 390 33 163 0 469 -111 342 89 -201 -97 -395 227 21 -382 219 -335 155 225 142 250 -41
-160 -56 -149 2 -232 -396 -485 -269 155 -174 427 -242 -345 35 -90 230 444 304 -500 -4 -403 -478 99 -405 240 296 359 161 171 -110 -439 -481 -480 457 440 369 250 -177 19 -231 -271 -260 -440 -100 372 275 -104 -454 -168 -361 57 256 -383 417 -329 -413 427 -415 323 -338
-359 437 -311 -290 220 405 51 -53 99 74 287 -69 -311 25 364 9 -409 365 28 -320 -341 12 -259 -141 -27 131 -74 -346 133 383 38 -383 281 413 -368 291 -463 -138 -106 -96 214 -293 -312 -208 63 134 474 -379 -138 -314 491 351 464 210 308 5 318 -151 351 31
473 -180 -302 19 67 -372 202 77 305 -275 482 390 -280 -44 -403 128 -288 -41 -147 -157 157 474 -40 187 302 334 364 -208 -445 213 238 -15 -344 393 -81 287 440 -489 494 430 -352 173 417 -221 -29 397 -192 323 291 -329 209 -261 275 182 280 -125 -335 -40 394 -59
-481 -162 -252 476 174 355 -212 166 152 -491 74 441 18 -236 249 114 46 263 394 198 280 -86 162 31 198 -265 -268 407 419 -180 64 -293 -299 -309 82 -379 295 -50 442 479 -45 384 -234 430 447 391 -222 194 340 -300 384 -409 496 216 -475 155 7 -262 67 -389
79 426 463 396 -121 152 197 -450 -382 463 -62 -356 375 -490 125 -314 462 -469 -117 406 441 -166 -111 226 304 -183 432 413 383 200 -230 152 -440 372 98 113 -157 202 -412 -275 -366 -329 306 -150 334 -34 -382 121 -84 78 322 -124 67 154 402 12 375 137 168 20
-196 168 -381 184 -296 -438 163 155 201 172 -495 -257 -170 355 -8 61 -331 458 326 -313 -326 15 -118 -495 -382 -82 -358 -154 156 261 419 -29 353 136 -445 479 -416 -380 247 -73 -87 275 491 173 355 66 442 275 343 435 -77 3 -141 346 -101 -184 -220 -58 103 75
377 -121 411 262 389 467 344 -267 281 -411 11 246 231 -459 -6 -256 -152 -180 37 -46 -212 -374 -5 -429 -259 -477 406 22 473 490 -37 -266 -330 -162 -247 352 -240 -353 -152 448 38 320 464 -298 -73 -486 -214 348 -251 -358 385 329 0 -59 99 -298 489 382 54 -228
-67 480 495 94 490 -439 128 83 413 -443 -463 250 361 -413 138 348 -267 34 217 -357 291 291 -282 -406 288 413 -274 128 -454 -425 -273 -485 -87 -38 234 9 348 -374 -418 -134 370 -473 240 -332 -215 -190 -194 -186 496 35 -467 -132 -132 37 27 -138 -186 326 -215 103
-166 132 33 101 -460 -30 489 -307 -153 417 203 -380 -497 -162 337 -277 290 -158 345 -271 -32 -327 -270 218 392 259 24 482 479 -25 -489 -145 379 18 -384 -69 367 468 415 -327 -410 125 154 -189 -461 9 -389 -408 -122 -132 270 294 289 136 362 275 113 -127 30 -127
291 -46 369 -296 18 -454 -447 -293 18 -149 -378 33 -370 -447 209 -288 171 409 -128 -38 148 -420 117 -321 -488 -32 276 490 -252 55 -218 -252 -112 455 458 46 266 152 326 183 165 158 -355 111 -411 -252 305 207 294 269 -181 -384 27 -373 160 -379 -241 -14 474 -267
