120 130
-288 308 181 212 -141 -234 -140 -288 456 -230 -468 172 425 -447 402 -108 203 -378 239 404 165 -386 -107 482 120 -236 396 480 347 -350 -348 212 357 452 -4 347 302 193 111 -477 -24 -71 -152 460 -153 365 362 -264 -229 -141 471 489 13 105 314 -453 494 198 -132 -120 -120 -74 361 91 319 -424 -204 -209 -237 489 442 -116 -109 -19 130 409 200 301 207 -49 217 -215 -83 311 31 71 -213 -486 -269 -31 -130 -443 27 468 451 106 297 187 -38 -427 -387 -439 436 62 191 -47 -483 -39 229 -239 450 1 359 380 203 -135 37 152 -49 105 -299 -149 -290 410 363 172 93 -325 -266 -235
369 -378 361 174 -53 179 457 -254 -421 -239 251 -100 -121 -471 -319 -276 387 -357 51 -441 -300 411 21 375 -317 -402 -40 -394 111 -440 485 -295 -87 -171 -162 106 -82 -82 96 -403 341 -183 244 -327 133 -314 -260 -159 -73 333 392 368 -119 243 54 -169 177 -372 84 -233 395 20 398 479 442 271 -208 -186 -382 -370 160 -401 -396 381 -233 349 139 -434 275 139 42 -124 15 -151 -290 43 -303 36 -347 -437 -332 -43 -99 236 -206 -324 -428 155 -431 130 -249 431 442 248 385 -148 -423 -223 -85 421 -31 -417 -404 -360 56 -209 -199 2 -203 421 -317 -297 472 -101 392 495 113 -485 134 -488
-222 143 -208 -81 138 -91 -313 -307 -205 79 55 286 200 -442 -33 56 -76 163 337 226 -408 -41 -159 112 101 -440 -389 -205 454 -127 280 422 -170 60 83 -464 23 -479 -285 -245 -58 -454 -207 72 237 129 -172 358 -432 294 -246 -309 -270 184 -360 -145 476 -86 401 -500 -331 44 101 143 -43 -298 -437 64 98 -153 338 438 -250 -214 -359 95 357 69 -264 9 -378 449 -450 92 -165 -313 -400 -151 -398 -485 315 -405 -234 -442 -339 -166 -444 -340 324 74 -28 410 -299 -331 -478 -121 -120 306 71 -281 -282 -256 315 125 -178 475 -10 155 -170 80 -313 -500 -347 -83 294 -301 -433 363 183 -89
42 -219 52 -458 329 -424 -396 413 -482 -99 415 449 335 109 317 286 -391 492 -193 -325 36 -239 -36 85 -424 -254 -385 -76 101 43 216 275 -218 -88 -470 -278 -152 239 -472 214 7 395 445 -6 321 33 -419 -412 -220 36 -494 -105 -471 156 285 139 243 216 -290 -75 -139 -262 -120 174 -262 222 -257 13 -305 178 262 81 -29 -447 328 59 179 331 388 250 -123 -207 -154 215 -471 463 273 196 309 -430 -125 316 128 154 -433 181 427 -48 443 -366 336 421 -392 -189 -327 -341 344 192 142 -392 317 -308 -247 -372 -434 94 -494 368 -201 168 203 292 -51 -217 -273 -415 315 388 -97 -333
-343 -419 171 19 232 257 -353 -309 -371 493 -407 231 -500 74 -371 -122 251 62 103 275 150 -149 436 -158 340 -153 -496 -208 339 -300 433 -362 232 68 -429 -82 382 -387 -189 185 -80 216 224 473 -301 392 411 -130 -361 -157 234 -208 299 319 260 25 -56 231 228 211 -104 498 286 -189 -163 56 408 411 -342 -205 472 -425 -179 -68 384 257 -109 -227 52 -95 74 353 447 188 255 -146 -109 -265 -42 181 -18 70 -21 377 -451 -109 -230 54 50 114 -441 -274 -173 -497 -186 134 246 -21 160 -374 298 311 -460 207 345 228 -428 91 157 -376 -184 391 -330 -339 427 373 -287 -443 -303 -216
376 80 -163 128 479 53 -136 -339 329 146 190 -353 68 110 -465 -300 98 20 278 -483 -24 -430 457 219 384 157 260 -394 251 311 165 235 -493 -67 -165 -359 48 -136 248 71 -276 -362 85 440 -321 -295 457 432 -81 -360 61 229 330 -69 415 -110 458 152 6 246 -411 -267 367 162 -317 -307 -266 384 454 -202 413 224 -449 -264 -474 6 -470 -474 27 162 48 69 291 37 -127 233 -384 -372 291 -343 70 -376 -125 -332 -480 232 -274 372 448 40 465 177 29 56 -245 -141 -494 -130 482 -128 72 43 -492 261 281 93 17 -165 -486 226 -342 -261 322 -195 -463 -461 355 -257 252 -96
270 -316 -412 387 447 355 248 69 -128 -474 72 -440 -269 73 425 44 -300 195 -446 -207 66 364 47 313 -354 450 229 35 380 -130 -319 -482 27 -271 -354 -403 -124 172 -431 252 -495 352 348 -496 -498 -157 170 259 324 191 287 254 -328 389 -282 -487 -104 319 157 -454 -66 -24 90 44 -184 219 158 395 -397 -118 -88 372 -32 -107 31 -84 -50 437 -379 -248 -118 -463 -78 131 85 -209 -259 280 254 -398 -141 417 -131 474 -19 -468 -122 338 -138 -4 260 398 -268 -73 -192 -470 -387 196 492 314 -118 393 49 -452 -314 44 87 -475 185 -56 396 -47 224 -209 227 379 282 308 -78 12
-494 -485 387 -133 487 -443 -308 -309 -399 -471 162 57 213 494 -323 -17 -31 -54 -488 303 110 -48 291 403 -14 -397 9 337 127 71 -107 -401 68 260 -138 -65 -9 254 228 -433 -278 211 -427 -432 340 -325 378 271 144 116 -421 60 41 -255 -470 -55 311 7 -23 -402 24 -62 -370 -412 450 484 261 18 382 492 343 -291 -374 -489 -233 444 -271 -229 -178 -294 -212 42 -33 -104 475 -162 349 13 81 41 20 70 -259 420 459 -199 352 -232 405 -385 -205 -68 108 -136 -470 10 184 -212 -287 304 205 -225 -76 -459 321 221 -456 206 -434 -241 105 485 -70 -227 -324 -154 -160 -423 282 -477
-113 -316 434 -195 -383 -162 21 -407 362 -357 219 -328 -10 -435 50 116 -255 -293 -67 58 -257 -288 -146 -492 398 -70 202 432 275 -419 327 -181 -226 -289 217 459 454 -398 -53 -196 46 477 -164 -228 485 -148 -237 -198 -44 17 -472 -460 470 274 -261 -272 -410 -189 17 -51 -469 173 472 54 -485 -131 422 491 165 131 171 -25 93 181 498 419 220 276 329 129 488 362 -80 95 388 -214 -366 -488 -374 356 -476 -125 -281 -295 -336 -47 83 -251 33 -105 -432 389 -381 380 402 -114 -350 97 -446 -89 446 18 -106 -440 -53 -103 346 83 222 345 204 221 176 -134 462 -99 -135 35 -427 -93
404 -248 -182 109 161 74 -462 -365 361 477 447 214 -111 212 381 -326 450 -472 -294 36 -423 321 485 -80 -358 -260 -70 21 -139 326 328 -131 132 -281 -474 -254 186 -433 -64 -254 482 -451 293 -439 -462 -144 -339 -35 -490 -373 -356 168 380 -182 -128 161 441 415 161 241 -204 -237 -472 249 486 -169 238 -104 -215 198 -110 -276 138 199 -327 -218 463 -449 239 -317 -183 -367 -500 498 -398 110 77 -33 185 -210 5 -353 375 425 198 426 -44 319 169 423 28 334 -459 -348 206 -247 -255 215 -1 283 392 276 203 -74 322 -208 97 487 385 -105 -208 -319 -475 306 -13 -358 -406 40 130 448
-9 492 412 -387 -216 380 -349 352 435 -376 375 -463 -488 -7 469 55 489 194 414 -6 -288 59 -446 -164 463 -221 -209 330 100 -331 83 -494 -358 76 -28 -347 262 140 -446 -297 -117 295 -70 471 -202 -445 44 283 -110 -53 -67 -346 460 -236 49 -217 142 487 -154 297 231 -194 -28 445 -52 113 -432 -330 -176 338 54 -350 2 -354 265 356 488 -168 -155 35 297 425 57 176 -493 -122 -119 414 181 127 -407 -44 -155 -4 -319 493 -15 -337 -315 -258 -460 -387 -476 86 255 -131 -391 487 -391 -348 -365 140 -451 186 44 253 117 152 213 30 248 398 214 -473 401 61 277 364 472 443
-411 -417 230 107 392 -238 -348 -489 -131 -38 -375 202 -145 -467 -184 175 -326 404 83 -329 -275 -460 -41 -458 217 -343 -262 -392 -146 285 283 -336 -24 -392 -208 97 445 340 221 143 -129 388 82 489 175 386 0 220 379 -211 56 10 285 334 -460 -232 -348 230 -393 492 274 -17 -45 -500 277 -59 -147 -5 164 -358 -356 -41 -325 -224 -184 -121 9 86 297 -348 172 -30 -210 -302 430 471 268 -402 153 -49 -91 -54 223 289 -483 145 137 -469 184 -307 478 387 -335 322 115 378 -115 428 -389 -468 -43 384 178 -327 0 7 -121 212 -254 343 -344 21 372 -472 -213 -338 291 56 -311 -368
52 -177 -36 360 320 -203 233 251 -227 -298 396 123 90 148 -311 157 168 208 152 -438 -442 -141 -295 228 155 153 -128 201 -214 -301 217 -134 464 -498 -217 180 -484 283 -457 94 -394 97 206 -356 -187 73 -138 106 -207 112 269 363 0 -201 -133 188 -33 303 -63 -428 358 -77 231 419 366 -140 282 -55 -114 -84 456 -422 290 -175 49 -13 -475 19 -3 -23 362 -117 -114 -157 345 66 -224 -195 -78 3 -20 -447 314 -19 371 309 387 -14 478 -446 57 -200 496 -79 -108 95 281 298 271 327 54 -186 270 -28 -212 358 -180 -384 -423 162 -430 -332 60 187 -263 -473 149 83 367 27
-438 409 423 146 -394 -112 -439 181 -372 -59 98 -76 -145 -27 389 269 -459 -48 93 -12 224 -43 116 -190 93 84 401 -93 -339 -250 -257 221 -279 -208 -387 98 -311 -109 -378 -192 -326 -173 -430 -467 -235 -96 -357 -472 284 -78 342 205 -490 -48 -204 -462 192 -277 416 272 493 411 -494 369 276 -276 431 -472 48 295 403 -68 338 164 171 -153 234 -240 -147 284 440 -305 -433 422 -35 -349 -500 -89 -288 415 -296 98 -208 161 191 302 -438 -475 -395 -437 -292 325 -473 146 -200 -401 -212 -135 234 313 -465 -358 58 102 -26 -163 206 -26 -364 -427 -264 411 -86 397 -48 297 -444 -160 -196 -381
-53 186 -487 -359 -249 -363 154 310 240 -417 456 -31 -42 -300 218 428 -148 125 -469 114 434 -457 49 -65 -423 230 -403 177 274 304 362 289 417 -360 261 15 -374 317 -361 412 334 -60 454 -175 414 85 -305 150 -384 416 -217 61 190 282 -70 -65 -277 -338 157 -337 -209 122 -427 -442 393 -138 -325 -2 23 389 -434 281 -297 -337 -359 85 194 -489 -467 144 200 -339 -9 454 320 -290 126 -210 -362 122 -315 -262 25 68 -267 -282 311 -381 61 161 -350 288 -446 4 97 275 -170 -398 246 -1 -145 63 -415 -96 286 -58 -259 401 -152 -304 -175 -357 -173 -362 -270 -463 409 -264 -344 -173
-247 131 293 -65 331 257 -271 -3 458 177 453 -91 404 -148 16 -238 -102 -469 -178 -469 -483 478 442 -17 149 76 -350 -138 -274 135 422 -486 -129 -76 -9 198 207 38 -405 475 -476 86 466 -122 -379 -154 -55 -390 377 -133 -99 -12 -123 364 -373 101 312 -332 185 -135 -81 214 209 301 94 430 110 143 -491 205 327 162 -260 410 -153 -106 -137 -461 -111 100 -246 17 -295 -137 127 -390 45 -325 38 28 -273 156 237 25 382 -141 -12 -109 470 -16 249 3 -339 -422 -467 -243 400 -310 245 222 216 429 348 423 421 355 74 -12 -6 492 165 232 -223 343 -35 -447 -116 -87 61 197
-280 -367 -158 191 -361 -414 -138 346 -192 273 135 -466 -10 374 272 -189 -388 180 -486 249 402 26 -361 -363 101 306 -226 -162 -490 -17 395 92 250 450 97 -463 253 -236 395 -477 107 -35 -29 -32 -50 354 -299 -290 433 -67 327 -33 452 384 42 -302 33 6 -495 22 427 388 -359 -103 362 -476 338 377 -296 -104 332 396 6 -155 42 -100 476 -354 -124 263 90 -282 -459 44 -249 -90 477 -250 -404 -169 -241 -373 479 -303 -172 -14 -391 459 116 404 -122 -464 303 3 44 226 -500 -347 186 267 479 230 -485 -132 -329 55 -18 -289 46 355 64 -141 -11 -222 -57 143 -464 -226 -243 -493
-46 -330 38 -195 316 -417 -493 63 -347 -450 -133 181 279 -57 124 102 171 -491 -396 -10 89 -138 -70 390 225 11 378 311 -464 -409 70 360 195 162 405 335 458 121 -376 -242 -408 13 -283 -115 -395 173 413 -243 -5 56 -128 -93 180 -284 494 344 -429 -480 87 498 -456 163 -329 259 58 -474 -102 -247 -243 -319 44 -84 131 333 -446 298 -167 -135 110 353 -216 481 -164 180 -387 -22 -24 -101 142 461 -283 162 229 284 371 418 -11 -107 -102 -435 -295 62 115 -97 -309 -213 -360 280 205 -357 -185 -30 27 -494 334 -310 -71 -239 -93 -498 378 -374 -270 -477 -283 258 258 -314 -152 255
268 35 -407 -58 411 6 -254 2 472 -165 137 241 276 333 -403 -364 -30 -103 116 28 98 120 310 -183 -104 256 16 489 369 263 156 -191 -283 -179 250 -41 -246 -3 7 -78 214 145 497 -452 -202 200 225 -115 471 -106 -474 173 -383 144 -111 -56 191 17 -404 389 360 443 47 452 -184 317 -207 156 -372 50 -332 -82 -490 72 216 0 396 -256 63 274 198 411 376 -260 383 -452 242 -55 -430 416 -32 426 124 -209 150 307 -59 215 449 17 -469 -47 -458 51 -183 33 59 -471 365 -228 -270 90 345 -447 -262 279 425 -377 -189 305 -280 420 -388 192 30 1 -15 -454 -402 -313
-298 -362 293 -496 -291 72 -316 18 -78 -393 153 450 -461 -451 -94 265 -473 275 334 239 218 35 -333 -60 181 280 35 -402 346 23 -18 351 111 -6 269 -242 -313 352 225 157 -484 -197 -307 480 -228 388 -11 456 119 -479 -165 -283 261 -388 -320 342 -261 197 -413 -338 27 -97 -425 319 -44 -358 309 495 -53 -413 -226 184 274 -311 85 -41 -97 431 -179 445 -134 -179 168 155 91 196 -283 481 -348 -294 256 -106 -240 376 -470 -391 332 -96 -336 170 402 317 247 247 -9 -24 -75 -458 467 -371 -491 481 -75 -380 -204 489 229 13 371 345 244 -338 -30 -245 127 6 -489 -303 -487 435
286 -467 497 449 471 173 148 293 -5 -332 144 269 -478 -270 490 -428 -190 439 -90 -241 -349 380 -489 120 141 45 -240 -359 148 -500 145 405 2 243 338 74 399 470 -370 -360 481 227 -214 -204 341 180 -245 361 -362 267 -446 -155 -438 -149 -9 -401 -255 -359 244 366 88 -115 -413 83 -412 -184 169 440 -489 115 -203 -296 195 -323 -189 234 -386 -28 79 -156 -117 -147 235 499 -474 -29 -341 319 -436 435 -37 128 -347 -321 175 -486 92 18 108 -236 94 212 -105 -172 475 -146 241 392 438 158 -450 -77 -116 456 196 -429 140 -475 -199 -452 -207 -497 342 229 84 16 183 -352 -244 159
-134 362 434 260 268 -12 -128 203 -13 -137 39 -404 -478 453 131 -151 52 135 -351 446 -343 -392 -305 -114 -162 -214 -298 434 411 206 -3 465 14 -319 -396 -142 -147 -70 -17 8 153 387 -197 -288 81 -105 -320 230 -403 169 305 -33 44 201 270 153 299 97 490 -481 -453 -199 267 -460 366 435 -77 198 212 273 -99 -156 267 -424 -184 -1 427 239 458 -349 -65 367 41 82 -337 109 164 53 188 -9 -170 -15 328 -200 51 -114 -96 -38 416 -472 74 -339 65 297 -293 413 391 274 -470 278 -498 -227 23 69 148 -73 -370 -116 399 -445 -141 -487 -378 -215 160 -146 96 -121 50 407
-413 215 464 391 -37 145 61 -442 63 96 -165 -458 -29 363 474 448 158 -389 284 393 -85 275 -347 295 456 -394 401 402 -33 -491 384 220 -167 -61 388 388 -22 30 187 439 207 -80 -314 480 29 179 484 -213 -55 -96 327 -450 204 58 30 181 75 426 33 -407 -103 351 499 -350 -462 -457 -169 -395 -453 -255 110 186 -362 -214 208 478 -108 496 -470 478 -454 239 -270 260 75 198 344 -347 -99 -31 -312 -463 -135 -287 481 229 -204 291 -3 466 74 -3 110 338 64 -152 221 99 247 179 -114 -416 137 -284 368 -451 -486 -470 95 479 341 94 207 -11 -195 -288 -298 -408 -463 -391
219 66 130 252 326 205 -110 265 45 -422 117 217 -263 26 474 -464 349 -156 -205 306 -73 -383 -130 -467 -432 -275 -109 445 146 153 111 -421 328 -59 176 137 -495 349 -262 64 296 440 454 345 302 450 -264 257 389 -58 -419 270 128 -234 -247 -31 35 66 364 -37 254 -220 333 -373 -161 -380 74 -225 -32 153 192 447 298 78 -225 225 -159 90 -445 -155 -457 171 -383 -286 449 484 355 -498 -161 -144 -8 288 -354 174 298 -92 364 421 -41 -427 99 -383 91 420 75 -44 168 -391 -223 403 143 -165 336 -335 250 -167 478 170 -105 -227 -335 237 286 -182 -146 -247 156 199 -60 419
-114 -93 149 -96 359 -111 36 346 -331 -15 -369 -184 430 -104 -492 212 -199 56 -45 148 -289 400 137 -476 288 -472 418 81 346 66 -92 2 87 462 38 64 405 389 246 255 240 -202 -60 124 -359 379 -420 373 -347 46 -357 1 -175 334 224 -387 -442 -356 -426 -401 -300 -369 -25 361 -364 -223 -430 173 -196 -420 -202 35 211 -79 320 -487 -192 291 301 -299 -316 39 -27 -466 -219 348 188 -136 389 -423 -92 -255 -227 -184 -386 -365 -240 -221 481 -282 181 447 -234 -301 -89 -451 359 -189 -33 -2 -498 -72 372 -7 490 -380 -242 -471 302 -313 -31 -205 -490 317 128 -385 -68 443 -181 436
19 -102 -35 -388 445 -376 142 -250 232 -289 283 -349 110 191 330 -8 -204 -25 232 -5 79 -127 -61 -364 221 -491 -479 -421 98 -457 446 331 -259 -198 483 -127 -488 334 397 359 252 -392 -390 136 -175 80 110 -116 258 265 372 -385 479 302 -239 460 92 -99 55 122 194 -359 -34 5 247 208 -73 -447 176 -431 -439 -428 366 -459 205 71 93 -361 -160 -480 188 -312 210 -151 40 -41 -2 -269 429 -488 209 -87 -288 200 364 278 -440 346 -189 138 65 241 -362 -111 -447 -21 -189 38 -58 310 -8 136 435 248 407 81 12 -23 -339 -45 344 -76 61 430 -128 -103 -20 453 112 158
-312 -345 -313 333 -229 465 -487 166 87 241 -136 57 444 240 201 -319 52 385 -97 -373 -22 95 195 368 -174 -301 -323 277 374 152 -34 -28 -313 -438 248 108 174 321 -9 -397 455 153 -435 86 -363 44 323 116 226 -484 -92 96 147 -71 80 -69 -348 -428 -122 -8 -73 -392 -250 -79 -67 -126 187 126 246 251 -294 2 -264 -20 -367 -373 -111 90 -397 373 470 50 -465 -392 -31 -475 14 98 -231 316 -282 307 302 -206 280 168 399 -406 486 -1 277 -258 278 -61 -276 -321 414 -282 374 326 -416 -492 219 -366 101 -416 111 421 295 -389 -250 -472 -163 -22 -217 -136 281 255 -382 464
-319 -206 167 133 464 -254 347 -28 -305 171 295 64 -418 34 -313 427 -351 378 -272 203 97 156 106 172 221 138 -488 -84 -385 -384 -137 123 446 120 370 430 -117 -118 377 50 -182 -151 -371 252 -62 1 37 -114 26 20 353 -482 226 -253 -418 -47 282 376 175 -356 140 60 -66 10 20 343 315 -480 189 -108 348 -131 -40 4 -292 325 118 -498 436 -481 326 -443 -76 -197 -227 -34 -420 -472 -475 -267 -172 -451 -193 353 405 225 29 158 -268 268 397 261 53 -238 24 60 -153 480 498 293 278 -242 455 -271 18 -194 -127 405 -303 -187 -460 84 -377 -257 -332 -352 140 61 -455 -101
452 317 88 418 129 419 -55 382 480 124 119 429 -277 333 444 78 -128 -76 95 -406 -392 -21 482 348 201 -393 484 255 449 -217 124 -60 160 -389 -323 407 462 218 15 -211 294 -5 393 -500 288 91 357 208 456 -137 159 0 -280 293 461 -48 -316 113 283 -357 484 302 27 -410 473 335 29 -409 -144 -465 -361 -47 107 175 -367 -350 101 373 368 86 -26 -43 160 -132 -431 -344 160 78 447 -401 -470 -440 -137 -108 38 160 -71 80 -303 330 93 -299 87 -273 -142 106 120 93 -160 127 14 -194 61 270 -435 435 -201 320 -373 407 -86 450 327 -300 -428 -129 197 -456 -176 180
-276 58 -239 -320 -351 367 211 -233 -209 -149 -362 -43 330 -463 -97 480 380 457 68 192 -143 466 -102 -444 -252 341 -188 219 101 256 243 -477 495 164 76 -414 -310 -271 265 -237 216 -411 -358 -251 219 -228 313 494 300 252 -427 340 -404 -161 -122 489 7 127 -249 -262 337 464 -206 -491 -338 170 -254 -352 -232 -48 475 62 139 187 -367 -202 106 174 -260 -40 -403 -333 -304 21 -234 495 -446 -192 -48 -367 -416 308 -48 -299 -261 -411 193 372 129 35 53 -48 394 -394 -396 -95 -372 368 -69 29 88 307 18 -425 32 -44 -82 -91 -96 113 52 -187 -334 -56 106 -112 123 -42 479 476
-83 364 459 472 -331 68 264 -248 -451 149 -467 383 203 499 -144 479 67 497 465 -1 365 221 46 -423 472 -376 137 -86 -448 -64 192 -331 -88 -231 -219 -343 24 -175 -339 -416 -18 394 295 225 255 396 121 -45 103 336 474 -217 -494 -79 300 -388 213 -218 -239 7 441 -453 78 137 -192 -264 -440 331 442 -162 -279 483 401 -344 -86 80 240 -433 -54 -2 238 -165 -77 -85 -428 -68 -2 -471 -302 -376 -39 409 -331 -241 -386 -94 459 260 463 -47 99 169 477 -201 -272 -59 -193 362 -271 -96 303 285 -259 -429 -445 326 497 -172 -494 33 -363 -54 416 -104 -138 372 288 255 317 -178
141 51 -369 452 428 -294 -379 -473 8 -230 -67 -449 -112 202 -195 -320 413 295 -252 232 -152 230 188 -255 -446 223 -402 306 453 91 332 232 92 261 -127 -425 411 73 108 -51 -405 168 -244 384 -268 -156 424 413 -107 -362 325 104 390 62 -470 -473 335 -301 487 214 266 -164 -219 147 -156 161 -118 -227 6 -445 364 154 -35 113 -138 -207 183 289 75 288 455 -105 -264 -339 215 -486 398 -18 -202 -343 -285 206 -195 471 -13 -365 162 -39 449 356 -71 194 290 -221 157 211 -272 452 292 -111 401 378 -7 -5 45 -397 38 -390 -352 -104 339 249 293 -481 107 -300 0 -148 143 17
59 29 44 40 7 -94 218 122 -330 -414 -117 -28 -211 -329 -378 174 -123 -18 -2 288 347 -55 -215 428 -215 12 -173 -135 -221 23 -250 -204 -250 235 119 23 -261 163 156 22 265 151 -368 409 369 -219 -141 -31 405 -195 -178 100 -454 -479 380 236 455 475 -327 -227 -318 355 146 97 103 -492 -453 -75 0 35 86 -38 -195 -171 65 -172 32 -370 30 -208 51 -89 -158 292 3 -222 -392 304 -63 230 -484 -14 251 88 -479 290 -289 -343 -139 -267 237 150 441 362 375 130 -27 -151 430 -207 -198 58 98 212 467 -85 -226 197 345 -103 9 -466 -177 355 -415 426 -26 -75 -412 27
-476 -303 -181 27 195 416 91 38 28 134 104 -127 313 -30 -403 465 247 20 165 -1 194 -133 9 24 -363 -157 -89 29 358 -486 -479 -416 422 304 331 -196 183 -315 -416 -166 -319 229 -470 203 -426 -280 -116 -477 -108 -69 -436 474 439 53 434 201 446 485 -59 372 39 -200 -123 -454 432 -52 -332 -90 -454 94 411 -471 300 220 -286 415 -134 365 -297 -437 220 430 -14 -328 -5 115 495 -327 -230 412 421 489 452 -245 169 -465 4 -139 154 368 430 -394 -88 286 -203 220 -241 143 267 -31 393 373 -497 12 -142 416 163 -86 -403 207 468 -408 433 434 421 -349 -31 429 -138 183
-472 -80 2 -346 74 73 466 -429 -396 -450 -410 136 -31 -314 92 -268 -326 -177 285 -316 42 -80 74 -277 -415 421 -353 222 169 24 329 -225 102 402 113 -469 362 -205 281 495 -418 -265 -334 -92 318 -108 -250 366 184 430 33 180 426 43 -390 -137 461 -431 -109 -22 -265 372 42 -40 -458 -330 -389 -195 415 136 71 -291 -387 421 -266 -390 -363 425 -130 435 163 23 19 416 -140 26 18 357 458 -110 106 -211 196 177 300 400 -16 -127 337 398 460 31 181 -387 295 113 481 -89 235 64 52 -348 252 462 313 350 248 65 77 -482 -146 -106 -62 -10 281 81 126 91 477 268
-95 -380 15 -271 453 471 348 92 477 -17 -234 123 -413 -349 368 -464 -364 -65 153 -260 -213 192 -449 -252 -215 440 149 -255 261 189 236 -479 458 -228 -320 185 118 414 -384 8 -212 -293 478 -48 401 382 284 414 -160 -349 105 -311 4 -491 78 -143 77 -60 -197 359 -263 298 62 47 447 245 -68 -21 383 -353 -357 473 341 90 -241 446 395 92 169 -416 453 -149 -487 464 285 -181 432 -279 -408 11 421 -223 426 -354 450 381 174 -219 20 89 95 -462 -296 327 -344 354 -118 -146 -73 -105 -358 -433 -34 32 277 338 34 -384 -459 -380 205 478 246 331 261 -307 348 -183 183 133
-448 -159 -247 -11 15 -486 344 97 -37 -345 -84 262 193 -437 -98 -403 -391 497 -180 -75 -414 299 -160 491 -204 128 -420 -238 -332 -451 -335 -442 197 16 -200 -204 -337 294 281 279 293 -20 -162 -412 112 279 -220 356 -276 -21 321 120 275 -135 -54 -442 406 40 55 430 102 -290 438 -429 -274 -380 -413 170 -314 -215 -410 -147 96 68 75 -433 224 238 267 33 -371 215 414 312 -298 -279 -243 365 -190 126 -500 277 394 362 -465 118 183 132 223 3 -393 -394 -388 -164 -356 -391 309 260 -16 -104 164 442 219 -77 -100 -478 -480 375 308 -386 -200 363 144 416 86 -263 -62 96 128 270
486 -336 112 -411 -324 257 323 76 -235 -338 332 356 -289 -447 -494 355 -384 119 457 346 401 116 -74 -238 -107 303 -98 -368 -470 326 172 27 314 -3 264 441 264 -315 -8 470 198 -248 -228 250 99 -347 -140 -142 20 -38 -191 -436 358 -270 -42 -299 -18 -62 424 495 -97 -422 424 258 -138 -87 352 -338 -407 -90 -309 241 -77 23 -214 152 -59 -25 -250 384 -182 90 186 182 398 32 3 -6 375 192 -466 164 235 352 247 -250 81 52 -332 -144 -362 -320 258 -411 468 -261 311 408 15 62 144 156 353 222 343 -282 204 33 234 208 -119 284 328 350 -315 187 -465 66 -201 -496
-146 -31 336 203 184 40 -52 480 155 -494 -66 -435 374 -328 73 234 177 431 421 433 -194 -205 445 390 -265 379 447 324 8 96 -5 -11 107 429 -373 -155 409 -454 154 -105 -227 445 158 -205 262 429 191 433 385 -492 -439 -255 34 134 -110 -225 215 498 -497 10 -325 488 303 -358 106 -300 -360 359 132 305 280 -238 -309 28 -9 63 429 302 -328 -320 31 106 -354 433 -347 269 213 498 -73 202 351 -181 -25 60 104 -366 -113 -255 -221 401 -447 -79 -42 -266 -43 -263 262 -483 -364 34 -341 -225 65 421 1 -180 351 245 209 -314 -215 -132 192 328 -231 219 -220 195 101 89
394 -302 487 -248 36 72 67 -304 -192 -120 -375 77 -378 -18 -471 284 -139 -176 424 -127 80 -265 297 -298 -315 -15 354 -9 -158 311 78 -378 33 -205 21 400 -72 -469 389 -16 -168 190 -477 -27 -264 -404 107 -265 431 240 178 -390 26 -391 429 -302 -218 231 284 4 294 -457 170 -313 -216 314 154 -307 -316 -436 -347 -277 -84 441 49 439 42 -478 -426 -97 255 -84 269 277 -326 -468 -86 315 37 63 17 -168 449 468 443 210 -8 -154 376 114 189 -276 -315 209 -87 349 370 -383 -118 -288 308 -26 179 180 363 381 347 -268 -205 -235 225 100 -35 -3 349 -166 -52 -73 -289 -482
185 -323 212 -156 369 -185 169 -389 107 27 -492 -338 250 -83 276 0 -461 -241 387 -490 -5 -312 -407 -496 -5 106 67 347 489 -407 30 20 -466 314 288 -91 -433 -39 159 -99 -369 297 139 -296 -336 215 -146 -462 -242 -237 -215 311 428 -257 -422 -218 -299 38 343 -221 -129 -100 -180 -359 186 103 109 398 411 405 -344 -79 499 -407 457 227 -217 159 -399 463 -255 468 -129 121 -488 177 -285 15 -32 138 455 27 68 40 -107 318 270 -272 213 76 -251 -21 -174 -263 -391 268 -196 -152 -346 299 376 328 -85 389 487 -379 -457 202 406 -201 2 -71 75 -455 -260 126 167 1 185 -416
62 -373 320 -381 87 -61 -497 -144 -139 244 -499 362 -134 -59 414 65 442 156 -19 72 269 315 237 -476 242 -271 448 316 -499 220 409 236 22 -326 98 -459 159 -486 34 90 -94 -13 233 106 134 396 -342 -325 -257 -57 347 -207 -42 -101 154 -419 202 91 -371 269 278 103 -460 -157 -167 -441 426 203 225 447 89 139 -9 25 114 108 273 -110 328 495 -293 -379 -354 -339 265 208 415 296 -397 392 173 -52 7 177 233 359 376 12 -306 -166 -83 -496 442 85 -384 -44 152 422 380 192 54 -174 -331 475 -61 163 481 87 422 -9 162 -306 -411 246 236 224 390 -192 -184 159
155 -443 -1 176 223 292 -422 410 9 183 -233 432 218 -440 57 383 301 112 220 243 331 114 -213 260 -431 106 -349 109 152 287 167 38 -94 473 -416 176 -208 281 357 274 147 100 267 108 -103 89 69 333 -237 251 98 343 97 66 199 -455 359 483 112 452 399 158 -168 101 -48 301 -85 -69 -367 313 379 -331 89 -329 -213 -259 -150 292 385 97 -286 472 402 -263 205 454 -477 -440 -489 118 220 165 -493 263 -75 178 -463 201 163 32 -187 401 431 -192 109 -366 -33 264 493 100 411 -28 260 -429 455 -377 -331 255 359 -360 -336 -458 192 427 297 -2 336 -274 -34 -110
142 -252 300 -140 -415 -410 -411 470 468 -71 280 -178 262 340 62 -487 -429 366 -56 35 -111 459 -55 235 457 343 -109 164 -181 -167 58 -71 -17 -423 220 -4 474 -447 65 178 66 105 -147 93 406 -77 276 338 -158 152 170 18 224 422 311 -419 -137 -312 -247 -187 462 81 157 341 437 469 316 -348 306 320 134 -346 39 -238 -208 -395 295 -100 192 -334 352 267 -342 -335 -32 162 203 33 381 356 -297 258 327 31 -393 389 456 279 217 -87 -430 143 -154 -185 -177 -87 -174 308 -17 138 428 -107 480 -119 265 13 -95 -83 225 -99 449 408 206 19 255 -227 -362 -168 -42 -481
-320 -421 322 34 -259 -145 -33 -108 -264 271 -492 -238 -374 41 -405 454 -368 368 -74 488 -58 -82 402 229 -392 454 162 -117 95 207 -266 360 -5 422 180 120 376 -89 -50 131 -357 -181 -39 -397 -324 2 418 414 -41 497 212 -19 294 -410 425 -456 -179 156 345 406 251 -78 -200 186 332 0 366 -280 -370 71 -88 -141 -220 385 -63 421 -227 470 404 -137 212 230 -21 -234 365 331 245 12 -201 299 -379 -442 -159 14 126 245 328 130 340 115 -452 470 193 210 342 235 -126 151 386 -67 -447 -251 2 -6 -343 -364 64 -140 -255 -275 395 -421 -483 212 -474 67 135 -116 -229 262
-385 162 -315 -106 108 24 58 168 272 -466 454 -286 239 351 -225 445 379 78 125 -325 -64 -69 -232 219 378 -236 160 -220 -400 416 -499 294 198 299 -325 -98 -175 214 -334 230 -364 331 420 461 198 1 27 -205 103 -376 50 130 -210 -287 -218 190 -9 13 -433 497 73 -4 343 -463 282 18 124 64 -54 -231 359 471 234 14 -492 488 -269 317 -409 -227 -205 140 14 -355 -301 -10 168 -32 310 -363 290 -61 -340 292 -256 348 194 98 -163 158 126 19 326 -341 266 114 46 290 -463 -280 -130 387 325 215 479 106 385 146 113 429 -25 -116 484 225 -340 405 -190 95 -424 -419
24 -181 435 45 -493 80 350 301 -307 -353 -14 -105 347 -95 -336 92 320 66 176 269 20 191 -215 -104 -428 167 -137 -229 225 -500 -419 101 -432 -41 -353 435 -92 230 351 -294 -355 -6 -404 483 -278 -442 -361 215 378 439 145 -6 154 -39 -66 426 197 -206 14 -338 25 -444 -313 64 -306 -282 171 163 -471 101 417 444 -444 -442 -159 -159 368 386 212 -463 417 -236 -196 -407 -244 -26 -144 -309 -427 11 23 122 -418 106 225 344 -4 303 -4 -418 -433 286 -210 -202 -343 213 476 394 -377 -403 -187 115 403 38 60 462 -27 389 -437 -312 334 183 427 -88 -157 122 -13 -59 -266 -75
-412 -495 16 313 405 295 434 -235 314 -196 -408 239 -208 470 490 -181 461 -301 -312 -420 23 -419 -314 54 -286 22 452 228 -221 143 -433 451 472 -79 -412 -410 -211 -102 -54 429 -63 134 -267 -296 -439 -378 -216 -48 -331 333 -37 -321 23 -405 -491 384 53 85 -281 -309 -45 -11 94 -255 57 -276 -411 448 142 460 191 -481 -287 148 -304 130 -50 -326 489 10 282 -432 16 115 -435 199 -458 -398 337 280 469 -301 298 -460 149 419 -461 -174 414 -460 85 -80 337 -419 -76 -296 129 -222 288 97 -431 -209 -50 168 -328 95 -253 169 247 226 337 -301 -395 -328 -485 -237 414 43 464 -16
181 -349 -92 341 477 -271 -227 -65 -270 -169 -413 116 243 18 12 464 453 -352 -14 414 -336 -53 -392 -271 -264 53 324 291 -463 -477 101 -465 -212 -106 -467 213 177 302 325 -157 359 -236 332 -35 144 -19 254 42 -435 -13 -180 -432 -86 25 -71 -51 -239 281 -425 -427 3 298 249 397 359 364 -161 -109 274 -28 -286 472 477 450 46 -6 109 470 -203 438 -84 -378 207 -76 469 202 308 -17 -430 183 -416 441 -136 -85 147 12 -152 -284 66 -149 -202 102 66 452 129 261 65 295 -317 334 -444 -220 -42 439 418 -406 -259 -350 -399 358 -288 266 48 -196 -255 -241 -414 399 454 263
-18 -315 446 -209 455 -337 -288 398 0 -500 -8 174 -246 -410 -117 364 -417 -49 3 -162 -462 -153 -364 276 -244 -381 -75 230 66 -219 -255 -410 -30 237 -65 101 429 -129 355 102 277 325 -299 150 -457 293 152 438 -223 -289 405 375 -398 -128 -441 292 228 206 -162 -78 142 245 276 -485 314 -198 -6 175 414 -105 -371 -48 -126 318 451 177 -285 271 474 -246 -2 299 -336 -465 -140 -393 205 328 181 -375 -173 196 279 360 -186 -133 484 -147 -82 364 -193 -409 155 197 -437 -245 -367 422 -26 491 17 371 -55 -346 -380 -344 252 301 -188 -81 -288 -489 179 -272 -416 -155 -335 276 -337 -499
-77 431 215 293 -92 -349 -210 -139 293 -261 348 131 151 -162 -332 -177 290 -83 171 -285 -56 -498 373 423 417 97 -127 143 -166 238 -337 252 -255 -297 339 445 -364 121 -261 -172 -69 349 -266 -9 403 370 313 -221 423 -184 451 63 405 -192 -353 -460 127 -314 -59 -10 229 -47 -317 -253 186 308 -250 -213 -83 351 47 434 -305 424 -296 448 -72 -135 -124 -426 172 -94 320 151 459 -423 452 251 235 -161 -434 -163 -448 -385 224 385 -121 -91 126 -264 -183 271 136 37 448 -272 -100 -378 -182 25 230 35 -64 414 253 95 -471 -457 239 -10 56 467 -402 311 -331 -131 -155 244 -428 -338
-50 -33 -368 -70 7 -453 29 57 -440 136 141 -178 43 -163 -363 -437 -462 367 -44 -211 -15 -127 -405 70 -30 214 410 -77 95 141 -64 -483 492 -137 -359 6 -34 -223 -379 112 435 -90 -289 328 135 -306 -368 -374 -17 80 -370 89 393 196 -318 -72 -464 453 -264 212 -485 147 39 -265 -227 -142 -251 453 -403 179 275 132 -330 202 62 -492 262 315 -79 347 -18 -67 282 4 102 -336 475 -238 13 438 34 66 191 380 405 -30 -74 337 407 -446 76 -398 -125 132 -207 414 48 -44 106 -439 288 77 -141 247 37 239 -212 -331 -313 258 230 -390 178 498 97 348 -259 -35 -146 287
-145 432 284 -306 456 -461 349 -1 -131 -448 -472 -48 32 -92 159 -96 186 -453 427 329 340 15 258 341 -411 402 219 246 341 -420 -145 -79 36 180 297 -176 -480 -411 -211 333 53 175 -407 149 396 487 -343 -447 -133 -124 147 -287 -44 280 -323 366 91 -266 -350 -450 -379 -424 -460 91 121 306 -101 -359 18 -123 -22 -228 -500 332 41 86 64 282 41 -143 -299 -359 -21 -324 323 -413 -487 171 127 -363 -111 -168 51 328 -47 104 114 -365 455 -390 480 -232 327 291 -67 161 47 348 135 433 -368 424 -227 90 -455 72 54 104 -75 -139 -67 121 348 -459 324 -83 347 -164 -229 -236
83 -64 35 355 -68 18 -278 399 430 -132 404 462 495 -128 326 -216 -161 349 -64 380 -63 18 275 156 -355 234 -5 -258 61 383 285 -224 -496 90 -227 -398 -368 372 -277 407 307 -447 127 15 -485 494 28 160 237 -453 -118 -317 457 251 180 -114 353 378 -387 270 -307 421 -126 444 -449 -370 459 -256 -95 -33 368 -387 -488 120 131 15 -364 499 -454 -138 65 274 -394 -62 452 264 387 327 -48 -99 355 -347 -181 120 -270 321 260 432 -161 -461 -491 235 -219 190 -417 -269 -243 -151 -403 399 -299 135 55 486 -212 97 -304 2 -321 -479 -310 -252 -406 400 -271 134 27 -434 -272 -55
-217 -21 -202 109 302 327 -348 -186 117 -211 -302 -413 107 405 192 489 157 -155 11 -357 283 -46 65 99 -336 -205 402 -397 -410 -53 -156 -304 -310 278 482 187 -312 -350 -159 -10 -438 418 -63 -67 40 111 100 -188 -346 54 442 -271 -470 -314 158 441 -280 -263 -112 86 29 324 -452 198 -80 246 -237 139 469 122 -196 -157 356 283 -439 -123 293 -381 243 -196 499 81 49 20 -120 -55 455 56 -118 -345 366 -273 -180 -235 -303 373 322 281 -251 -302 -197 87 -341 146 387 -273 326 79 297 173 -230 258 -132 -356 132 491 307 77 -193 -390 308 216 -266 -133 168 364 463 394 462 -400
374 -162 -156 204 -417 -370 -238 -308 -50 -26 -188 -360 -180 -420 225 -247 360 128 -357 -462 -309 130 -169 411 -333 -389 -445 380 414 -407 447 -33 447 385 250 176 294 -98 -312 -222 351 -355 -31 144 361 263 41 -26 417 429 131 -408 -271 256 47 -209 -391 -158 -244 238 405 176 186 -105 -41 299 -290 -329 -422 -23 -264 -149 -84 118 337 -57 -216 156 -412 -30 -263 -405 -374 -143 372 480 29 -242 -277 -227 148 120 -131 -309 56 -315 -229 84 36 458 -438 435 108 -450 -59 32 261 -48 97 -204 -336 303 315 244 -12 -312 67 -48 308 364 -18 -424 182 -322 178 393 -29 -138 484 64
473 453 149 -4 404 470 -205 -75 416 -96 -336 -226 -118 -368 322 -229 -258 -148 452 244 -359 -429 -491 301 477 -451 -392 -210 318 -173 -270 -220 416 354 150 -317 39 431 492 -15 -124 -250 431 -3 338 308 -279 230 54 479 114 499 313 -131 -333 118 -456 372 -103 338 37 -440 474 429 370 64 105 327 399 -412 421 327 342 481 -441 329 -192 -191 181 492 -400 -6 -188 373 78 450 -405 471 -32 -84 32 -167 178 -413 -170 444 -304 -419 -214 125 -91 -106 -353 -138 470 425 -46 -349 -133 -195 384 235 -383 390 77 395 372 -247 -478 -373 73 -263 433 381 292 198 -230 -145 -331 -184
-403 -136 368 -240 -419 71 221 -216 -14 -343 -225 -366 137 -191 -10 119 -122 -110 -285 -497 -171 372 -150 -49 429 167 480 428 -342 123 316 81 331 389 -191 -190 382 363 -427 293 137 381 473 323 -382 -96 -196 -489 -58 234 217 304 165 164 250 118 -478 -325 -199 -487 120 143 349 -122 -26 196 -178 159 29 -328 -149 -491 -435 -64 -384 312 -203 -67 -450 -268 -89 -295 -420 -329 -421 -384 256 -393 -295 -461 15 -28 -426 -94 131 375 -485 333 -376 -139 435 -1 -173 -104 108 85 -257 -294 -364 82 340 -189 56 -85 367 -234 388 -231 358 492 273 189 71 -246 -208 345 212 189 -134 12
-299 407 495 353 -220 286 -174 275 -142 -401 42 -300 35 49 121 140 41 319 -276 422 -145 -118 326 452 -66 179 295 -107 -305 271 271 433 -403 -390 -11 447 203 177 -13 75 -472 -299 347 438 -243 -336 47 226 238 207 305 425 -292 -213 383 488 -92 97 -383 -24 233 -273 -412 -7 -441 477 -198 155 -162 285 20 -244 -101 -176 277 324 -108 242 382 334 150 -314 342 4 -342 -222 -459 -45 483 161 -447 134 -280 -266 125 475 -201 -225 174 235 229 265 -33 -222 -408 209 218 151 451 486 153 -406 -399 -33 -358 467 -491 416 -437 269 -37 80 -214 -180 -345 127 -59 111 486 -447
-427 -344 461 469 407 -189 -169 -478 -438 -54 -166 -58 -142 -75 -92 -78 -401 408 340 284 42 -126 47 -31 484 7 -112 -117 443 -348 90 -484 327 -452 -60 135 305 467 189 280 276 -121 168 -354 -160 -342 -76 -436 -214 -451 -21 205 494 -43 -85 241 -226 278 -494 336 -208 -151 -1 428 -16 89 100 341 -25 101 -310 405 -484 169 250 112 421 193 -310 411 256 17 -240 -317 186 -420 -233 -379 -325 -25 -215 448 37 -143 -115 -99 -474 -89 320 -76 -230 312 -497 110 -253 -29 -22 -245 242 258 402 240 69 -126 429 312 -250 326 249 -318 -126 30 -202 466 187 209 104 -306 71 98
-465 -343 -381 -350 -322 217 429 -152 -225 219 419 471 135 287 185 454 -160 -384 -469 169 -82 139 -20 -343 -397 394 96 178 299 -229 443 -418 108 -215 300 -292 135 -54 334 -484 82 -91 -471 -260 130 216 -148 310 -71 346 -156 -206 -300 275 496 -297 -500 181 293 93 -447 214 232 342 -115 -280 136 -384 -301 -391 -242 -407 120 241 -132 28 -275 -353 -466 369 -466 235 -470 137 8 31 69 -23 -398 170 209 -290 -475 -339 -294 -183 -315 -494 386 396 430 416 -45 -249 444 189 -384 -83 -489 -381 75 -208 -95 307 185 -210 51 -114 191 460 292 309 357 308 -283 -295 -216 126 -135 -473
440 63 117 -284 -240 173 -432 -424 350 -89 -487 149 -301 -351 148 364 -75 254 -470 -472 18 -312 -340 -21 202 -97 347 -254 -320 267 54 485 241 -18 486 455 414 -324 286 8 495 -331 -322 316 -292 -94 187 255 -168 -35 58 6 304 -54 -140 419 -201 -328 14 206 -7 14 -267 89 -236 22 -255 -318 179 -85 457 -346 161 292 360 -459 -428 -153 315 -385 0 -233 -352 -285 -321 -496 -393 67 -192 384 -150 64 -491 252 -286 -434 -415 -121 223 37 -191 -323 -347 119 409 154 -358 57 -309 366 -177 -237 20 240 -431 -118 470 -60 -156 348 -125 427 329 81 -161 -121 -97 -459 -432 -339
428 94 333 -153 -302 196 -113 -237 495 -468 -40 6 343 285 -394 174 -341 238 440 211 499 -127 -438 405 -71 151 465 -233 -139 481 423 -270 -416 -32 222 394 -222 -468 -336 473 364 444 365 -223 -58 -466 24 471 224 -33 -483 434 50 423 -215 -401 -382 -236 366 -80 155 80 -221 -488 -386 -123 -288 -436 -470 -236 97 112 -43 198 472 490 234 6 433 140 412 -245 281 -448 -78 -304 242 -240 363 -356 485 -56 181 -387 471 -238 -237 -265 -50 15 -487 11 -254 245 -321 -229 419 -463 41 -77 -43 -108 472 366 281 451 -396 224 -390 77 389 220 -296 -40 -457 -88 -30 333 455 3
336 -126 393 70 150 282 220 111 54 466 288 227 -79 398 -207 -254 370 -43 206 -372 -437 -198 295 414 369 -130 218 400 -85 -202 216 -266 -220 399 6 -280 -51 -278 -396 112 241 167 -189 308 -452 -13 -334 -149 420 151 -279 -369 -255 -234 -138 -417 449 63 33 -148 268 341 -438 -489 461 -31 452 -16 -486 -362 414 167 -46 27 -124 155 -13 19 -64 415 458 30 -72 82 -256 -395 -109 292 293 -26 337 216 -485 -240 489 -334 193 -197 -216 -191 305 25 -218 300 -334 -283 390 -420 -365 327 -323 211 -353 -378 -361 -426 355 -242 206 -102 -82 165 108 -466 -498 399 410 169 134 214
260 -11 -264 51 -470 -92 -74 186 -15 -23 -96 498 314 173 -432 -160 -79 -329 -461 -201 -243 -316 132 -371 294 -414 152 224 163 -153 -471 304 102 397 270 294 248 490 100 -277 -301 -391 -416 -208 452 -285 -89 -494 -367 -334 -125 178 233 -196 495 391 400 -187 424 -216 -123 18 -467 -218 -18 32 -116 25 241 -253 -66 38 -319 108 100 328 -371 -18 23 211 -350 216 -350 91 39 472 -445 -264 294 1 171 385 111 -469 154 254 277 60 452 -279 212 380 116 390 -157 327 485 -106 -13 307 -72 129 452 -333 -237 -429 -68 -306 375 185 -348 -361 -277 212 -470 -345 194 394 257 150
-90 498 204 448 -233 -171 -385 -477 57 453 -448 -393 477 -74 -361 -73 404 167 383 257 -90 228 237 -385 334 -52 -210 -452 158 64 -82 45 68 -102 -92 -61 -73 356 419 -449 300 -345 157 -488 -288 -379 -111 -318 -182 100 -367 303 -475 -195 202 366 -41 142 -168 -283 100 199 303 -326 416 -99 -491 83 -229 78 124 238 -299 -304 72 301 112 -188 -18 -195 -115 -144 -115 127 215 -234 487 397 -201 408 66 418 -132 -289 139 -434 308 469 -460 113 3 442 7 254 426 -181 -358 286 -270 -408 172 -398 -192 -102 5 411 -119 148 110 120 496 152 -376 -65 283 -279 -291 -225 154 -196
-364 -358 -455 403 -299 370 137 -391 -156 -218 455 407 -389 468 450 153 -395 470 -10 454 -236 -83 -410 399 -499 -340 -473 499 458 -343 -79 222 198 336 -482 -180 443 -272 -330 -223 227 -293 -317 198 206 92 344 215 -404 -203 148 127 362 -495 -235 -120 -98 467 -410 299 -173 -338 -198 -29 226 -49 243 -140 -441 -187 81 119 -496 13 -169 326 -448 -261 114 472 431 197 -306 353 -181 -335 -470 130 -321 371 373 -358 -384 -58 25 21 301 -423 -178 -21 -98 -348 458 -467 -53 -393 -66 320 -183 -299 494 -82 -260 434 468 262 -60 302 260 43 -283 -20 314 458 392 -379 -438 144 32 475
256 -68 -395 -271 405 218 383 -239 -98 -320 -249 -155 217 478 123 76 -80 350 -135 -165 -47 477 -93 362 495 -470 417 286 -273 146 105 -25 105 -235 -50 -340 21 326 337 -419 378 141 -255 67 -104 407 433 -44 -295 406 452 -116 370 469 -354 -475 314 33 424 492 487 492 371 -401 379 365 25 -95 175 -410 -367 360 -240 -253 -197 414 368 -201 -432 468 112 -291 308 482 -6 -1 -17 -249 487 53 -99 320 473 130 112 177 316 -302 -357 57 -462 3 -336 93 422 -131 -355 373 121 -153 360 -399 381 480 -455 234 -451 42 163 22 44 253 111 93 134 326 322 338 -203 345
-2 -38 211 -202 -155 -20 181 -425 235 -408 341 100 -232 -393 -331 -278 -344 139 43 -350 -221 413 496 227 89 240 -453 439 460 38 -160 226 214 -433 485 246 -164 -16 356 -332 -70 -146 483 -217 -41 233 -87 243 101 59 271 223 211 -31 330 54 -306 -171 -222 163 18 315 419 493 244 -419 343 -92 -331 -448 -262 -292 -163 461 224 -157 -117 -248 -387 465 160 -330 -134 -118 -229 463 -381 -498 -98 171 -426 -38 -151 60 109 243 -395 333 200 250 211 -229 276 473 304 26 -465 423 -328 -388 -419 -256 280 258 275 284 284 439 287 317 46 -38 310 289 163 -157 -74 -225 150 417
27 -255 498 353 -451 200 134 -386 234 -53 25 -118 -235 -119 -100 227 229 156 285 374 -94 122 236 -168 -472 -31 -49 10 165 -42 415 165 -144 215 38 -360 -496 -456 292 115 -357 334 -74 437 -184 -335 -206 -246 286 277 -488 20 42 319 119 -347 -9 351 399 416 244 -374 -94 473 424 378 -118 -150 -291 410 22 322 318 -313 239 -371 -425 414 -269 265 -453 19 375 -359 -110 -476 -435 333 -36 -262 -198 -177 -424 316 -73 -149 441 -221 305 -420 -29 326 68 137 -474 453 -380 91 424 -144 391 -215 -235 -177 -390 235 -141 -467 88 166 23 10 -198 268 111 -214 -180 -90 18 330
408 -495 420 295 -84 -250 -201 262 -27 -89 423 -146 365 -465 205 153 154 5 377 -64 -448 474 -224 135 434 412 443 -194 282 384 -73 113 -94 -16 171 375 -199 -241 330 -299 138 149 293 382 377 233 254 -331 28 -204 332 323 -315 159 -30 237 365 -347 191 497 -145 189 258 -446 22 209 -198 254 357 -226 -81 -249 -145 -402 -203 358 293 -248 68 -214 64 -174 402 324 74 458 -9 -303 90 379 -242 -175 -458 -380 56 -180 -431 272 -165 -470 -125 13 -228 -272 -405 415 -422 414 62 -91 61 144 203 200 -70 -385 -243 446 384 -127 216 -290 107 198 493 410 26 190 10 -76
357 -352 285 -440 -97 158 474 223 204 40 102 317 -235 -322 72 -440 -332 -494 -313 -364 -42 -456 -26 -79 246 26 -140 42 397 -73 322 -404 495 97 191 -284 -324 -24 -335 402 396 248 477 -443 100 37 -394 35 -65 -497 493 -45 69 -498 -387 74 422 319 249 -10 71 207 257 -236 -439 468 150 276 451 77 -352 -112 6 -144 -158 -58 43 151 -21 285 16 -440 -374 124 -442 82 363 -467 241 236 -470 -231 -90 380 -318 -44 -189 -289 -369 478 -145 265 -5 302 325 -329 373 -317 -45 -337 -230 -428 384 445 131 -409 -247 -103 -18 -479 -119 457 361 470 -29 -164 32 -286 9 250
-159 -351 143 112 -469 -317 2 223 -333 374 -415 262 -426 -425 457 76 -21 374 -273 -338 -17 309 -305 454 -176 -181 -228 251 -385 -480 262 474 -136 472 -494 -197 13 -166 144 147 130 -345 -320 50 255 181 -230 283 -12 304 439 -376 215 -428 72 446 90 -338 -205 -135 -283 -310 -35 353 -230 -218 15 241 -277 -489 8 -335 138 -471 -495 420 -307 -386 -203 -159 -219 -72 260 320 334 329 299 407 431 -258 82 2 -14 -102 188 154 486 -409 485 441 226 -471 111 -346 135 392 355 -372 -478 -129 158 -65 -262 -444 -318 -97 312 -296 458 -266 480 185 -155 224 434 21 -397 151 -185 -367
-278 -221 -227 110 -218 -184 -270 164 84 -378 49 360 223 371 -22 -151 -469 392 435 220 -399 -340 -77 139 382 243 -451 -435 374 378 -134 -132 199 448 3 353 103 -135 -216 -50 351 295 290 410 250 167 131 -110 412 385 229 37 -57 -324 -275 445 427 462 304 -28 -449 200 -272 404 240 -368 456 490 74 -421 225 -410 -125 -3 144 9 -405 -129 -287 -341 155 304 -71 262 -83 212 -244 -175 -159 332 -326 132 -98 24 234 296 278 -209 -264 -332 59 413 29 395 288 28 -174 56 -473 -260 80 -255 -444 -163 363 -309 499 421 -474 -266 -166 383 -470 -296 484 329 68 207 -195 -137
460 -411 -321 323 -338 -297 348 -435 401 -85 -99 -443 -325 429 405 -295 -434 -102 432 477 472 64 -367 -400 -402 192 67 253 53 401 -24 449 409 -272 72 33 -423 170 471 411 -218 -204 155 444 -429 -121 -455 -440 284 -156 -249 -361 399 437 277 -328 247 -285 -484 287 -374 230 -494 -62 -257 -392 -9 390 -315 441 497 334 287 -267 141 266 491 465 258 -416 -376 342 -488 -473 475 329 462 63 85 -445 401 271 -442 255 -139 -291 359 2 332 153 65 429 456 -396 66 -462 435 -175 114 433 -444 138 -428 258 -9 -366 38 -146 203 -33 196 59 282 351 -376 333 463 134 285 430
-292 -376 -280 374 244 203 -308 427 147 -498 -74 93 -158 -303 303 458 -344 -187 -491 -451 103 -159 287 23 -224 311 -443 -17 285 -327 179 -304 -242 87 -35 264 325 188 -381 470 36 33 -111 269 -254 -48 -397 -97 45 -328 -495 -221 148 -437 -218 495 206 -110 -18 -190 197 480 -399 -243 187 -27 97 -92 -77 -73 363 -128 -31 223 -132 83 48 96 -46 95 173 64 348 231 -361 212 -350 -471 -136 -487 102 -117 368 46 121 -251 -500 487 -468 436 381 84 264 271 -71 -237 -251 -266 -186 294 -451 311 132 157 -445 7 -398 -333 44 -429 83 239 451 -135 -459 -46 69 -244 -215 -310
-486 -198 276 -382 -73 -184 -490 15 408 436 72 -194 -346 164 230 -96 38 -133 -252 34 -465 413 308 -226 -343 280 -120 210 1 170 480 -27 75 278 -137 108 252 -413 -169 -13 -485 421 -77 -413 388 85 490 408 -310 -388 409 -199 -188 -142 11 -183 205 469 399 156 321 125 38 326 218 269 453 482 -360 -329 290 69 -206 195 142 -397 -189 -51 74 -297 -381 447 6 -235 174 400 118 -153 -159 -196 4 488 -472 -129 306 145 178 75 378 17 276 -301 -315 349 292 -497 -249 -365 15 177 80 417 353 -27 -207 -221 -84 -150 -404 -102 399 -52 -49 -339 -216 173 -129 19 468 341
416 80 -356 422 228 99 -488 249 458 179 -353 84 -377 -9 -289 -100 -362 -446 287 -330 56 -191 356 40 16 37 -71 -98 -350 -114 16 330 92 397 -336 187 178 -466 2 -161 470 -447 289 130 150 378 409 144 -54 -124 -210 167 387 -480 258 101 310 233 333 403 -253 296 236 -374 -458 -365 434 -185 -6 -140 -222 -70 348 431 -145 -466 -201 408 349 285 -88 304 -189 254 -317 -219 126 -82 -232 -448 155 -245 161 -203 198 -261 269 44 101 -376 64 390 102 41 -264 324 -288 -493 31 237 85 40 184 332 130 -91 -2 49 -405 393 -452 -149 -199 149 -130 191 -443 278 255 32
-198 -109 -297 345 -237 -412 -229 349 142 120 185 -420 -231 -129 251 204 -277 -383 -463 289 361 161 -288 369 445 -228 223 345 -198 344 427 385 -455 197 -448 65 195 -386 -475 161 25 -226 310 35 343 -180 471 -484 -93 488 305 -425 420 -173 438 276 -431 173 284 479 100 -299 129 -284 -179 -290 -116 -131 480 21 290 -216 387 -447 105 479 -2 247 -322 -407 -454 156 473 -447 -375 152 126 393 403 358 474 -451 -473 83 -463 -284 185 -164 181 90 451 -108 488 23 -210 -379 -204 55 244 -264 49 243 -312 -335 -89 12 -428 175 48 157 -6 -364 329 105 -234 -455 387 -498 191 -404
-291 -406 34 21 234 -306 -241 -320 -246 411 356 452 -348 -477 21 -215 217 461 -118 289 -48 59 -40 -202 60 17 -475 -314 96 -482 343 277 -442 -75 -22 448 204 -487 -52 -293 -33 -25 72 -164 66 189 405 300 191 -473 -266 -235 -336 138 -384 84 -179 134 133 -397 -421 258 359 -3 341 26 355 -280 -61 -45 -193 233 331 -281 -116 -424 -446 287 268 173 443 -141 -318 -403 -391 -447 -483 341 261 279 -408 -103 -70 498 270 -263 31 291 -73 -247 394 397 -365 -169 -72 325 248 -131 330 -301 34 -60 258 -434 -365 397 279 -213 333 -382 -427 -334 307 -248 55 406 -489 250 -229 -246
-161 209 -424 -88 -469 48 137 122 -35 48 420 -189 -171 -480 415 -12 341 140 55 -175 -324 221 -379 -413 495 281 487 34 -60 35 -21 190 -479 56 219 -399 -25 -249 -296 -44 92 386 -469 -233 -341 440 186 -137 20 41 -27 486 332 -328 -295 436 -239 106 -369 85 279 -171 263 195 -472 245 -426 -218 23 175 186 -116 37 345 -280 439 38 -356 345 -41 15 -65 58 354 256 -177 179 36 66 -125 303 -237 -76 294 257 458 -123 -251 -402 324 -295 67 18 -348 403 -89 -467 -56 95 -48 -40 179 -420 259 448 280 -148 -82 -372 -319 -370 -357 -56 -309 136 49 222 -486 311 320
-391 -234 -238 -44 -495 -240 -451 -125 -459 -76 270 389 358 352 -171 -113 243 241 322 -91 101 458 -153 -266 -96 -9 -154 -410 -187 -496 196 14 384 160 100 89 143 -52 171 -211 494 52 224 84 -276 -28 178 -41 -47 119 -4 90 -160 -197 33 174 -366 90 381 56 -102 -78 -371 -466 -349 -214 -236 372 -184 118 -81 173 245 -6 57 185 -382 -120 -194 -262 -247 -206 14 -298 -63 86 434 -456 8 375 471 483 -383 -478 444 -46 -174 278 -98 -251 -142 395 147 -75 -358 -259 -200 -160 107 37 94 67 431 -84 -263 12 323 -485 -306 380 -144 303 -35 -176 -384 253 -136 27 -34 -141
30 478 409 -17 61 385 279 -223 184 -160 52 -48 -295 -321 -86 315 -462 -64 79 321 174 469 -221 -117 -312 -333 -158 -123 -393 148 -210 250 -35 43 -252 280 -334 354 218 -73 185 -496 -244 444 -46 -405 29 44 401 -330 -218 85 48 -161 212 -71 321 -91 467 220 73 174 246 -96 461 -185 410 -8 -360 -178 -272 -407 -83 197 91 188 -483 499 198 264 -148 125 337 397 -486 -208 -146 3 17 -346 32 -410 430 -128 -34 -285 -197 115 -79 333 52 -358 153 465 -381 -59 -152 153 -76 486 253 320 -352 -275 -371 160 22 215 -182 113 431 -254 302 -12 -264 -94 57 -345 -196 -467
-323 -17 -460 -391 -448 68 458 -259 -153 440 410 346 -340 -187 302 303 -160 -205 -370 -87 205 -175 -387 447 -48 -75 312 208 231 67 37 147 -352 185 3 -237 -1 332 -137 -423 399 49 -257 -139 -60 -147 446 156 -402 -349 297 -473 371 269 43 404 -75 -338 191 -232 -226 -20 248 -13 -440 365 446 -181 106 -284 -322 -337 215 -485 387 143 -338 -27 -300 64 394 -69 -499 146 -90 135 466 214 -179 225 -424 -422 434 269 -33 -267 375 383 73 -162 -368 -75 154 -149 -297 -466 -417 487 226 455 403 113 302 38 65 -237 207 42 159 109 276 -79 -427 -389 -263 362 61 25 155 490
-43 249 -256 402 -261 -359 432 -414 105 384 -451 -357 -205 205 -53 477 -57 433 -428 -227 169 -61 369 -301 -149 -464 266 -171 143 -475 299 -152 -72 -80 -484 -92 -119 221 38 212 3 -326 397 -40 149 69 417 -373 -464 -81 237 422 -276 -395 122 126 374 306 -90 -471 -313 -339 211 -364 409 -267 58 -351 -236 -487 479 262 -188 124 -153 115 236 2 -374 -225 187 -108 -54 -30 362 391 -51 431 75 -269 432 409 -320 245 -135 -73 233 167 -131 234 -351 184 -206 -475 -420 290 25 200 398 -489 -84 -112 -485 88 325 431 -245 -458 -486 301 8 -324 57 108 26 -182 -83 -425 305 -416
184 -386 455 -2 -62 22 94 0 218 369 6 253 -73 -405 87 -267 427 -192 11 392 184 118 479 -256 381 97 -93 -103 232 415 330 -42 -109 58 70 -3 401 39 -16 -142 -404 -9 -130 -480 -32 87 49 118 -99 -143 26 286 -407 -415 -189 8 364 465 -135 -266 30 -496 135 43 -442 77 310 -402 -337 429 -160 240 170 -82 -145 -490 -454 -195 -377 110 49 300 -122 399 -185 32 74 333 -418 -38 104 485 -304 109 -171 -331 462 466 490 -137 -296 -83 473 -328 -319 -323 48 -303 126 139 292 -17 278 184 61 -246 482 37 93 246 -169 431 388 -284 -33 -441 27 -66 -168 -345
-444 -247 -122 10 -226 396 -277 -146 -262 -388 271 -347 -374 255 88 280 447 -306 330 -484 -350 -292 -458 -324 -100 176 -89 239 79 -151 -323 -13 112 71 -417 275 250 75 -350 -392 -473 -212 76 -496 482 82 195 119 -278 -142 208 -49 497 249 188 311 492 -305 -187 472 -500 21 -66 -458 89 -133 35 420 298 310 -52 262 -417 1 273 263 194 10 -392 -140 344 -336 -172 161 -465 376 345 225 -224 46 -49 -308 33 -480 -301 -314 -490 198 102 -104 -364 -224 188 340 -41 -375 -86 -39 -483 -266 -310 -203 426 -120 -471 -32 421 -65 52 37 392 208 -291 -375 249 -168 -97 118 -278 242
62 22 94 365 -307 -126 275 16 -80 -482 141 -384 -279 -248 -487 -125 94 -56 -254 135 -203 -371 -284 -217 -220 90 420 123 450 -227 -431 -142 218 326 51 -285 -229 -103 145 -333 -336 322 -44 -151 76 487 140 136 395 249 -146 -466 -439 358 136 -69 93 116 -325 -495 -154 -434 -243 16 -169 -287 -284 -220 -41 397 246 -187 -97 47 18 -321 -25 -218 126 458 -24 374 103 143 348 105 -258 -499 294 32 -278 -460 -115 416 187 -176 44 -81 -328 -325 -470 -321 -18 390 302 362 416 -146 -111 -274 221 235 -41 -366 -342 -180 -197 34 484 -14 -338 -26 -1 135 -425 -368 -486 53 -116 73
-64 -380 358 -322 -249 26 -349 133 -262 237 -140 406 195 -179 285 169 -76 -343 -431 11 -423 207 -432 333 -56 -155 -261 386 373 -161 -185 112 259 -474 -66 104 -158 -440 -187 -192 9 -280 -161 11 227 187 -418 -395 -42 -112 -408 -491 490 383 387 -67 -453 300 66 -125 -484 -338 -453 -220 -115 281 -112 219 367 211 9 249 -449 -350 -499 -362 270 -284 -481 154 499 -353 -22 -450 -49 50 -381 -471 390 170 -164 30 -352 269 428 -196 -453 -441 352 -375 -75 -153 359 -306 352 157 123 313 101 434 -267 87 -428 -445 346 141 441 -190 -11 -43 -234 -461 -382 263 -142 299 -286 -239 163 -348
431 -195 140 -27 365 -375 -472 35 157 152 -254 282 202 20 -85 -204 -432 487 -89 155 -492 470 -421 306 107 -442 -50 391 -180 327 293 -12 29 -173 -381 260 13 -64 -447 -177 -490 441 259 -114 -433 315 372 165 303 67 112 195 -258 221 159 -199 -458 -150 -20 -354 -66 -268 238 182 2 -124 362 491 202 -304 477 -204 178 -231 209 -477 -44 -169 -456 198 -168 -452 -121 44 -426 -54 313 480 65 449 164 119 -189 -260 485 366 -288 429 -99 107 153 353 162 -275 -182 -315 -99 -274 -319 190 423 336 84 -384 -273 -234 -402 185 151 -318 333 -124 196 -269 -97 186 -197 -219 136 476
231 -41 -494 251 -313 119 -421 118 -21 -369 -450 -138 -184 -156 -205 -111 118 465 259 -162 -283 -113 33 -409 130 149 366 394 494 -36 -35 -449 352 401 -259 442 -479 443 355 11 111 -262 -438 184 235 65 186 -294 286 -479 303 -462 49 -417 79 428 -16 -497 179 -500 416 148 218 88 307 286 450 -291 138 318 -84 42 -368 -233 -105 172 247 -115 -315 319 -156 -8 187 415 -111 29 -107 468 49 -156 -338 312 423 212 -402 491 490 190 -265 219 421 223 -251 -117 333 -417 -113 -162 -63 -482 493 -238 260 161 -3 -496 -474 -477 -34 17 -96 -70 456 -194 183 201 290 133 126 263
56 -310 -40 77 47 378 465 -422 164 176 438 -32 -233 -114 -259 458 335 -492 419 -250 338 -210 147 -293 184 -36 275 -200 -334 -459 388 446 484 -77 372 -42 100 405 -275 198 385 -398 -315 314 -23 56 496 -74 -385 412 -66 290 -257 -63 55 -120 254 319 -333 345 -101 -226 -216 299 243 -341 395 -431 -442 -238 242 -318 2 -354 411 -181 -478 -361 220 335 -238 -77 -115 25 138 125 -104 67 450 404 -38 425 326 102 -234 -412 328 -380 362 -181 209 134 31 40 45 -13 187 -44 -348 -452 128 -420 83 -36 460 -425 -417 61 -297 -24 451 356 72 -120 -499 220 -493 31 -247 -405
260 -84 -174 124 139 -139 478 235 91 90 104 -210 244 -380 44 263 21 314 -130 446 475 21 381 -68 -127 391 121 -89 485 -214 422 -28 -422 -167 -23 -89 96 -392 -156 472 -86 -221 143 304 -146 -326 80 225 -281 -252 274 -329 253 470 -187 255 116 -287 -484 234 -500 22 -218 96 405 -368 250 -278 -91 -279 89 -370 407 286 122 290 357 279 421 -87 305 -440 487 283 -334 389 236 168 -193 243 83 455 -491 317 485 -203 184 -400 335 7 491 -60 -192 238 94 -237 207 450 -209 359 -310 -316 -488 419 35 -464 -430 54 412 486 -10 306 89 -65 132 421 -173 200 -425 -175
361 -348 -186 -315 -218 -2 324 74 -457 22 -399 -127 52 91 3 241 91 429 -17 -70 -12 405 -477 157 -67 -131 212 447 95 -113 -276 95 33 144 33 -277 -292 -471 -226 462 182 -237 96 130 131 -408 -255 288 447 461 107 66 -138 -68 -165 -118 -475 -266 163 250 343 -202 291 -283 407 179 -24 480 -220 59 -226 -34 -353 -162 -141 153 -496 68 84 83 -355 149 457 241 -175 -183 -468 -4 -236 31 306 -11 -94 491 -341 -122 137 53 278 213 -9 -144 -421 499 -135 229 -329 191 399 -411 -224 -135 -305 135 125 -347 -345 -374 -9 65 -335 -325 -473 -236 -201 -367 -339 236 -132 -437
75 -373 -259 188 -466 -344 283 90 -249 209 8 -460 -299 -194 286 55 -198 -39 55 190 -483 -446 -340 5 -96 -333 -269 372 -195 44 355 37 -43 -433 -168 -76 480 165 -40 -38 -129 -135 -6 262 -157 -216 -96 200 -465 452 346 282 186 -41 -344 -496 -467 334 -175 -458 258 -168 -193 171 226 138 -186 -68 299 -388 -231 316 287 -217 116 -323 347 -250 420 310 -470 -122 -364 229 -418 323 188 -170 439 -54 178 352 -430 -158 360 -180 -349 -403 -220 111 485 -268 120 -479 364 489 334 380 -280 -434 114 -389 -253 461 138 316 -497 -53 -203 349 -48 59 21 -14 -317 498 -110 349 -159 120
-193 -91 72 -352 73 59 -441 -400 118 151 -210 -461 -55 372 -138 -475 -132 -257 137 370 -60 -134 405 -160 478 299 -122 -315 -456 482 421 454 195 -1 -290 -326 131 29 -334 247 399 -368 -303 -294 -51 -314 -487 -374 -122 -219 -439 32 -148 -85 -232 165 188 180 -379 -149 -380 -475 221 351 358 116 92 -359 272 -134 121 221 -99 133 -174 -222 241 66 344 202 323 408 50 496 293 -343 -443 171 -460 482 337 -343 280 451 -3 -228 -136 -382 -104 193 31 -159 82 -430 408 108 213 -360 185 116 72 -124 62 362 132 -256 401 444 288 -491 -88 390 -393 466 -495 -97 -373 -459 80 -356
-302 -296 459 -94 -296 -336 -189 -485 200 205 387 344 -448 -373 -123 165 133 -306 364 222 -38 423 -126 395 196 94 -466 166 415 332 -287 196 -233 -153 486 -249 -281 -447 -472 -120 -17 482 415 -338 350 -414 180 83 268 356 157 176 -380 30 -47 -308 -218 420 235 246 -164 267 -296 16 -331 182 -406 399 -355 -53 -126 464 -218 42 -147 -380 -430 123 -22 -191 -66 19 173 107 202 -290 406 -195 -459 55 -419 -427 441 -31 272 -86 -324 178 259 -423 -6 365 -188 -28 240 312 -374 282 195 -495 120 109 -474 -6 379 -2 -45 380 -92 154 337 355 -484 168 360 491 -356 449 -134 376
-451 -482 -107 5 236 43 310 376 246 -56 217 330 250 -252 -322 -217 357 -48 492 48 -393 -486 129 -480 -377 -7 0 21 -316 -482 261 89 313 -177 227 -485 336 279 36 -207 -14 480 -415 -450 453 211 -377 297 -452 -305 189 -75 -397 252 448 105 -109 -9 197 241 252 196 -103 198 487 -173 176 -154 183 -186 468 158 499 -383 -470 392 130 295 -79 -188 277 -81 249 -225 -187 77 102 -106 -492 147 276 -83 -256 -169 200 238 99 -437 151 -47 -280 133 -206 -115 -111 455 -219 -231 293 246 87 230 75 287 100 295 274 -353 -252 222 -6 -472 230 247 -125 -50 269 -116 174 -374
-211 314 62 383 -113 -361 -73 266 -379 387 -383 -13 61 43 -373 450 -123 44 137 68 250 -357 371 -291 174 -135 -294 -211 201 -260 294 437 -49 107 -180 -412 20 94 14 108 142 496 -65 -56 140 -294 -292 483 372 428 -1 -106 -475 270 44 -222 -177 -485 -499 -74 330 -267 344 194 -207 203 427 -176 490 -168 341 86 86 132 -204 -428 -156 198 358 60 -238 -479 -274 443 91 -359 36 -412 -180 24 -397 115 -228 -53 226 368 -60 374 -142 39 -376 -290 -103 459 -475 31 319 342 -83 73 -421 -125 -200 -460 143 331 -446 220 222 150 172 -28 389 90 489 -426 299 438 -333 445
-353 -113 485 -77 -261 18 435 136 -61 -237 315 -478 234 -47 -191 -292 149 -285 340 -15 -203 466 -327 2 324 84 -358 417 137 246 -137 359 295 -345 462 298 -114 223 -69 82 -250 -114 91 288 -323 -30 204 -160 -78 98 -478 -214 263 143 405 323 -356 -390 488 -101 418 248 -55 -116 76 -191 -92 -190 17 355 -338 417 39 354 -95 -4 -95 121 347 -457 98 106 130 -325 -285 397 291 -12 498 -446 -71 -217 125 -452 -201 -334 -369 -323 -235 -448 -419 -61 224 221 492 -349 -481 -273 -188 468 -413 -110 -157 -445 -179 -129 -263 352 -65 -378 -270 494 -32 -107 237 -198 280 330 195 284
106 468 339 230 336 -307 321 -236 -181 270 -60 198 284 100 -487 -458 -155 499 -110 -56 263 192 21 -169 44 -101 107 231 -477 -461 -366 -81 16 -58 129 -214 -63 -390 101 -345 493 -275 -63 364 -264 -300 -256 -256 460 52 -455 105 -219 227 292 419 -166 44 220 337 -100 172 19 -7 115 427 255 -83 -169 -288 -184 -335 9 -405 9 261 150 207 -334 -174 -367 170 327 -243 212 -18 186 11 -442 228 264 479 -477 -138 -425 -71 -316 422 -483 168 -381 243 492 247 -314 -349 -174 139 -393 393 -131 95 386 14 -79 281 -398 -445 213 -164 282 -62 -75 -455 349 -412 446 -306 110 172
-345 396 -256 458 495 -126 184 -318 57 -202 -284 -335 224 404 336 33 -351 -474 67 32 -92 372 -305 408 -4 -209 -299 -488 -174 123 -282 -336 -381 -392 287 -38 109 453 -371 428 87 261 -470 201 244 64 -262 32 390 372 72 348 313 -169 -134 -87 -93 104 -400 -92 -66 283 441 245 122 -192 233 96 334 -45 340 22 -296 65 -200 -343 -221 8 -138 -246 -10 293 -470 -423 325 -290 -217 -246 -444 -380 -416 481 -3 -348 267 438 461 -217 -339 -56 -144 349 88 276 385 221 -387 -132 216 407 -324 -303 473 167 -490 276 -63 367 -228 387 235 -328 57 -184 326 -272 410 -199 186 -231
-441 -454 -163 -345 -456 -142 -156 -452 -285 -367 149 129 175 -9 244 -132 80 -318 157 345 -493 474 -140 -84 -363 -106 -110 -379 -491 -23 263 149 -400 120 429 -412 -426 362 66 454 -219 110 -459 15 -495 55 132 109 -357 297 422 464 425 337 -88 -197 90 -186 -226 199 327 -129 -54 -154 -417 -418 -272 -421 -96 -493 -224 495 -401 127 1 -188 376 -77 104 -208 284 146 -432 145 267 -37 -346 90 -9 -155 486 293 -315 411 -134 -182 -361 -432 -133 -277 371 -353 245 -420 175 79 95 -323 317 -438 195 269 176 26 -107 120 0 -122 -395 183 347 412 209 -340 -63 306 -239 -393 -391 92
-55 324 177 -458 -341 -400 87 381 112 406 -380 365 -69 -374 -188 -167 93 -61 -15 88 88 -166 -404 -115 -301 377 293 392 375 -251 245 -478 334 -261 -377 150 -142 100 351 26 348 -326 -69 452 143 274 262 -7 27 -195 63 405 -298 -168 68 217 -364 -308 -142 -134 89 26 477 32 439 -407 -291 254 194 129 68 -31 98 47 -217 -130 98 -3 247 -193 209 497 -352 -420 442 -80 -326 -450 159 114 -73 213 -481 396 132 212 -383 -361 -193 -336 85 -145 -338 338 -440 176 -412 -11 28 285 -411 369 -119 -414 98 -371 -378 -333 291 -253 285 -458 -176 -126 -194 233 429 278 432 244
-424 -361 -86 413 -244 -406 352 -277 -356 417 362 -259 -497 135 415 1 -200 352 -56 216 -180 -210 445 400 326 -315 -112 -182 442 477 322 -217 -100 406 180 395 482 -463 274 283 351 -450 -318 419 -60 74 23 66 26 -331 -28 -222 310 -253 413 357 -62 -46 106 -357 -34 -277 -345 444 411 -179 27 60 -486 194 -212 -21 -82 142 272 318 313 321 -281 41 -240 287 323 -89 60 439 -471 227 -136 -239 489 307 241 -304 -462 -69 235 141 406 166 430 -348 -154 -111 -416 -391 431 -203 473 457 88 23 204 -113 -45 -160 -264 389 -390 -228 -64 30 204 -147 146 -397 297 -336 -90 316
343 -289 219 -379 -306 23 -383 -224 -138 424 324 -52 -336 249 311 59 -91 -242 -496 -201 -374 42 103 139 15 -153 388 -152 198 -126 -56 -286 -369 466 -401 -184 -378 -419 -297 -60 -187 358 -126 -141 73 -182 178 170 -80 227 -333 -27 195 -86 347 68 66 66 -108 -108 215 -180 -318 -483 318 59 -354 61 456 -248 418 53 -207 31 -464 -250 -197 -343 69 128 481 284 150 297 438 -351 -129 -183 -180 385 -404 433 -58 162 17 -20 -261 219 88 107 -323 184 456 82 -255 -339 -36 144 39 23 -497 -422 131 420 342 -324 -493 45 -131 210 109 -130 -191 -61 -183 -25 -43 -444 -167 282
208 246 -374 -365 62 431 -458 -52 240 -80 441 -407 233 109 -407 2 169 -246 64 -467 200 -273 286 376 -16 -299 -201 225 -432 -190 146 8 24 287 285 -12 190 -205 -170 83 -328 54 -450 -319 -435 256 153 -225 1 -85 274 394 -173 -239 172 -327 -382 -326 -335 367 265 399 -34 -469 382 389 -201 -3 -222 -470 -462 465 405 380 -243 159 -185 -85 405 61 -353 74 -296 302 -127 345 -74 43 -287 424 -442 -495 423 -15 -445 -48 312 484 429 -137 240 -144 82 228 -71 -463 -20 427 459 472 -66 87 -454 56 0 -294 389 -110 355 264 175 -221 280 -500 -42 -66 422 437 -183 -208
444 -183 476 116 282 -404 129 -322 181 -167 -402 -170 -153 340 172 -472 431 -73 135 -484 255 -175 -234 392 222 300 -430 -308 56 484 -303 -351 -186 419 -133 202 -29 -251 -312 492 -84 -318 -424 -111 109 12 -364 -231 -57 -246 -451 149 449 -208 377 -233 -4 9 -208 -459 153 -178 -142 -304 230 -352 -139 329 -105 -433 353 -350 -67 -81 -100 -153 -215 -307 -233 33 -425 -35 -303 465 445 387 281 14 -462 -414 -328 183 -356 465 -219 140 305 -40 -143 3 198 293 -20 -393 -53 -156 325 4 285 483 -123 423 428 453 307 298 -490 -151 -59 -93 205 195 -476 397 53 185 257 393 -90 -306
363 346 150 288 -98 13 -463 -310 195 -462 -229 253 -197 161 -439 326 -428 188 -206 -167 -123 87 86 325 -238 333 -44 160 -284 82 -50 98 -203 364 283 -59 -448 80 43 -209 -112 194 317 -453 223 -90 -441 491 -145 77 499 -435 281 58 22 441 457 334 131 -113 -467 432 133 -289 -376 53 -270 -110 -184 157 -56 8 -90 -180 135 44 -32 -354 -92 134 -390 -357 71 142 263 111 18 -283 215 424 -19 -96 308 -499 -413 -355 -203 -427 -300 -401 -367 227 -157 250 74 -352 482 321 225 77 384 -335 -331 -297 55 -69 -176 -226 -50 -264 -201 54 198 253 56 34 -125 457 -252 497
-315 259 -375 -415 483 13 294 -384 -271 333 318 463 253 45 169 49 381 399 295 71 376 259 130 201 -464 361 240 260 29 496 -131 257 -249 37 150 470 -340 166 -257 -248 309 70 -327 -168 -418 -255 162 -198 304 -486 144 445 -269 -270 -35 346 -468 -32 331 -319 -317 -458 -435 -456 -403 284 -3 -301 -85 -143 -349 -12 -6 292 183 -190 -435 270 -142 -33 84 -264 -342 226 130 483 -211 197 166 412 257 -406 -286 108 -263 189 57 161 21 56 68 -490 92 7 32 -307 387 -223 -352 421 -479 -126 -446 292 203 -112 -51 233 345 244 85 22 -425 -35 -462 424 -498 373 -113 -441
-242 -391 -367 51 329 90 -134 -239 341 440 -154 351 -134 93 -495 473 -356 -373 130 10 60 279 -437 -488 129 -213 -237 303 -167 398 427 -12 287 480 -242 -56 -197 -130 -266 423 -68 231 -199 428 -460 -219 223 -390 -115 309 -246 -82 158 -309 -287 229 175 -296 -470 403 -236 484 300 -467 -203 -308 -149 109 427 -293 39 355 269 -425 -345 26 81 -395 -458 -74 -33 -25 305 -143 407 189 251 -265 -110 -215 369 33 -12 -389 232 80 192 -173 270 26 241 -120 -227 -23 -388 -261 -328 252 -343 156 100 -372 -273 463 -350 125 342 -318 427 406 436 -168 -144 -4 331 -124 471 477 84 -285
39 162 56 -227 266 302 -364 -431 -496 10 -94 -391 484 -140 24 245 -179 220 -452 281 -192 -13 226 232 -284 -33 37 -332 277 240 53 -408 269 215 -46 267 78 116 -466 -53 -302 49 -162 -290 -19 -84 -133 -144 388 121 30 -437 233 132 -341 -338 -14 -240 -1 -55 66 238 288 -382 -318 0 378 -408 465 305 -194 374 55 -82 -148 112 -312 398 475 -80 -400 -44 -271 -113 44 277 -129 -292 322 160 -29 279 295 436 -155 165 -378 -172 265 297 -438 368 412 -407 -177 220 300 -67 -319 314 -407 -59 455 489 -320 188 -100 276 -227 -206 -417 -308 188 -368 283 -115 357 390 -363 -336
457 -76 340 -158 67 -353 -178 217 148 -472 -342 -345 -114 -324 116 468 132 319 -73 440 427 -237 167 -146 -323 -100 -409 231 476 439 -56 41 -328 -187 -173 452 -416 -131 -468 267 409 383 220 323 221 -491 -3 150 311 -301 317 428 341 -258 357 -144 -440 30 -264 -361 118 -244 -383 -164 111 290 251 -122 -472 -39 254 -206 376 307 422 -294 -247 67 -144 179 163 464 -300 274 -97 -266 128 -66 -396 -278 -35 78 -481 -309 -249 425 -310 63 -57 469 405 -31 70 482 18 16 -173 -242 -27 -144 -192 -210 324 468 498 141 430 275 -142 -381 -362 -490 242 268 485 -129 -256 -85 123 111
-47 120 80 19 -109 130 -195 -183 -483 -89 -178 372 -352 385 430 -51 92 105 214 458 -474 -398 116 -206 -345 -281 144 329 -125 -270 -408 145 -172 403 209 -377 -72 253 -123 -450 335 -301 -226 5 252 79 -228 405 -397 15 -116 -230 -427 208 -416 202 412 361 -4 -369 388 76 344 185 -26 210 94 354 424 -285 97 484 300 190 373 -4 -378 265 -219 83 182 459 44 217 -18 -179 -76 187 -340 -102 -405 253 -370 204 279 343 -411 446 -33 -380 -247 -215 113 -273 30 147 -130 456 340 -319 -226 280 -290 -111 -484 272 -359 -169 -62 134 -224 -444 -108 -264 -248 293 -391 -5 -57 164
294 68 -228 182 -182 334 471 -454 -334 -375 399 -228 447 -192 -80 348 -316 -41 -9 138 406 468 242 -3 304 57 96 483 -9 450 29 136 -467 -106 345 -109 257 -67 44 98 180 146 172 260 -353 81 462 393 -348 -215 -416 -63 -70 -376 -43 490 357 -10 192 443 -217 -381 431 -67 -14 289 -403 -423 -427 -408 -38 -139 -374 -399 190 378 -262 124 147 -312 -162 -24 -427 55 -266 214 43 -157 -497 -268 -28 -94 -16 120 -67 440 -53 15 -171 -244 141 -230 275 -119 487 -445 -43 -177 147 -81 306 -335 -291 -386 -234 -357 101 79 350 -128 -143 -30 219 -309 416 265 -335 -66 -470 420
490 -341 346 -237 483 -3 -220 -51 -148 -325 16 -33 251 -261 -209 70 -79 444 389 -36 203 -281 -242 299 -128 343 -321 -86 -217 -479 481 384 17 240 276 135 39 214 379 158 424 -459 -252 -419 499 0 45 -244 -381 2 -322 -413 -213 -231 55 225 398 -472 -351 97 -165 16 -129 -459 351 218 43 -214 463 137 -351 76 152 -311 -287 119 306 -400 273 150 398 373 302 247 -227 -252 -478 -9 -414 -215 -48 -171 298 378 420 -74 158 -437 -134 463 310 208 315 -159 136 -199 267 355 -214 -352 134 70 148 -451 -192 74 448 381 165 -36 13 -215 -119 326 180 -470 491 25 397 -290
465 234 350 -321 464 433 48 -52 -351 142 -61 279 197 -151 -264 -361 -162 -484 184 374 252 -336 236 414 150 -196 -365 139 449 -38 -222 63 114 -35 -137 -195 -362 -167 -82 -89 -324 -432 352 -385 -376 378 120 -350 -138 288 170 452 -376 -288 -281 -383 -267 363 475 464 -479 453 -430 -388 453 -361 -251 93 -462 114 30 -323 -33 -232 320 446 90 163 -254 -416 -13 235 -375 387 280 -73 -433 -196 -307 425 -230 199 430 480 203 -26 -17 -386 146 -227 158 20 475 -135 -10 82 201 -424 -253 -197 -69 144 411 481 -495 73 -149 402 -215 245 99 34 -492 -497 266 235 135 263 -437 -468
165 -187 468 66 135 81 -233 61 450 -485 -238 146 451 207 -494 -71 10 -495 -400 -176 -130 484 44 -316 280 -213 -259 227 -14 431 -215 283 266 162 -32 122 236 -468 -411 -63 -157 319 41 -215 -362 -481 13 80 484 -484 273 305 295 -371 148 -223 -332 498 -366 -489 55 236 410 171 -253 -375 -31 -50 -189 -454 498 216 70 203 117 10 216 -55 -183 251 -3 159 305 23 299 -208 -72 -285 -377 410 152 153 402 424 -233 -86 -345 -437 56 480 -462 455 457 -398 148 -107 138 74 207 -411 55 43 -61 -422 -472 -392 -492 185 17 0 372 208 -113 498 465 -466 -43 46 -246 -497
359 321 154 -487 42 -62 -195 137 269 118 355 109 343 88 381 -359 -468 -111 -455 -408 89 -173 88 -341 246 373 -151 238 64 -186 154 223 163 -153 -223 -99 80 -55 489 94 345 482 334 -336 -492 -463 -338 385 -87 105 379 341 480 278 -201 -6 103 -62 -33 -311 254 107 311 190 493 99 -4 -407 291 -465 -252 365 16 309 392 34 -45 -70 -115 -125 -350 16 22 348 427 417 296 -192 -175 -149 339 102 384 -63 -289 442 -179 325 199 48 217 -465 -211 466 -126 -91 372 176 387 188 343 267 -40 -350 -140 411 -407 -102 374 139 250 -18 -270 230 -63 -64 284 -455 179 203
-413 -261 -269 -305 -119 78 433 263 -65 124 224 -6 -223 127 -121 150 -73 -427 93 -438 491 -300 -92 -479 360 -217 269 -292 72 196 -431 74 165 455 340 -364 293 137 -352 373 -12 331 124 282 -488 -32 215 -190 468 491 -48 -311 -352 -303 227 -459 -162 -131 -95 333 457 -304 126 -199 -418 323 98 217 -277 386 -302 -303 169 447 431 485 474 169 372 177 166 141 378 -63 -366 99 -255 -433 265 -49 -372 -93 -266 278 -418 -36 372 -486 -106 247 64 270 -400 -337 181 -316 404 37 -253 468 40 -339 413 -56 -156 318 -30 -206 428 382 -145 496 227 185 -333 38 67 203 351 -66
