44 50
3 0 -344 -378 -45 114 -34 -281 -92 160 274 53 14 -432 -339 -246 305 466 484 175 -361 -115 -398 187 -118 -301 126 154 -222 41 -384 -210 -268 -130 35 138 -119 -235 492 417 384 -146 -270 -429 492 146 -443 -49 274 -272
404 219 93 -369 292 182 309 -386 435 -42 154 -291 -161 385 402 169 -469 -201 -247 29 -34 -422 402 -133 -294 385 123 -214 -4 -306 291 -489 115 -59 498 54 -353 -316 -171 -168 -475 454 -144 -428 -24 114 -404 9 -323 -491
-337 -346 -240 -238 359 -343 118 -440 397 301 -48 -284 -288 -460 2 -203 32 -302 -453 81 -147 439 -105 -372 -368 -282 -197 -260 84 362 45 -306 -455 -147 -445 -175 172 423 -43 -286 -315 476 180 95 -272 -330 251 -221 -169 150
-302 253 201 -414 -461 -403 -354 -145 341 394 311 -401 -496 -358 -220 57 -135 392 -400 246 206 465 -117 -9 -9 129 327 368 182 -82 171 288 -483 -357 -10 33 -335 -103 -430 8 78 -355 72 -199 52 27 -309 -6 -202 -352
48 -348 -465 372 -16 464 -319 120 -82 -153 99 251 28 -84 139 442 47 -60 334 17 -421 350 -448 -112 -156 260 -301 305 400 444 -83 -189 41 -71 -94 141 62 -9 42 364 47 353 396 -260 -277 -223 57 119 -196 -330
-260 -414 311 -37 352 129 151 181 460 -135 -354 288 18 -370 339 -166 -2 358 -227 -184 -24 312 10 -321 -103 79 -282 -136 -262 -358 453 400 -480 -439 -402 -138 -27 212 116 -357 -296 475 53 -299 -216 -415 37 -76 -350 432
242 149 -301 -229 -339 -325 -450 206 441 332 -144 222 -23 327 163 -360 -135 -17 -158 -403 68 -296 -256 149 -417 -319 -229 -430 476 -182 19 365 -110 -160 -303 -188 -41 -310 253 -137 -119 356 -288 -382 -443 -352 -453 212 316 -26
457 297 280 136 65 -323 410 -11 278 -155 -407 -475 82 -354 182 -378 42 -441 -231 181 134 -233 305 -96 408 -267 -114 -234 -276 30 453 112 239 -141 466 360 -10 379 -371 -347 58 11 81 397 -428 313 66 168 173 478
118 -245 -454 -394 488 121 -366 397 193 -498 62 228 -45 237 -442 435 358 126 -15 -67 353 60 -448 346 425 -335 -271 -71 327 400 -161 -259 -489 459 269 399 348 56 20 42 126 367 -235 -427 226 -70 -309 -104 -239 -257
425 -330 -440 -406 26 -240 -410 -213 210 123 159 477 -168 277 3 409 -230 -150 -381 456 416 -323 23 218 -223 274 375 171 410 382 396 -126 -270 -283 202 -344 268 -447 34 -44 285 -43 300 -217 -312 354 287 -345 -447 451
241 -84 -324 -481 -109 -321 -13 -102 385 397 347 25 112 -231 75 -244 -329 -184 -95 -122 342 142 130 -209 415 244 158 -117 -481 50 -449 90 95 -15 348 -432 24 371 284 54 289 443 357 -476 421 438 183 -479 -210 -451
135 -273 -235 -290 354 -466 142 69 288 -178 -488 376 238 -250 466 428 -204 15 -209 -446 -223 -244 404 404 -178 -86 -35 398 270 51 453 -34 -142 259 -299 -75 -187 -230 -226 -50 172 290 98 -405 -289 10 -88 -292 -57 60
-99 -81 456 386 -430 153 361 435 -314 490 -144 205 229 270 384 -267 454 -312 -119 -383 -174 -12 173 406 439 -76 476 275 112 -156 -229 -435 -35 -150 452 -332 -378 -302 172 -370 -362 167 180 93 486 -116 106 -94 457 -361
-452 -443 27 13 -46 -192 -17 257 267 -222 412 -96 70 197 371 -19 186 -388 274 6 186 36 -296 394 230 419 189 395 -161 288 -425 -287 -429 407 278 -177 -262 249 -341 -204 -50 43 76 -453 -230 -144 -183 178 78 -458
-425 -15 165 378 53 -346 -417 -430 -254 -51 134 379 134 -305 -233 83 -245 127 459 101 378 187 4 45 -348 470 -354 305 247 204 -407 217 -121 -314 -261 53 -167 -479 292 445 439 44 465 6 -133 169 -249 -195 358 473
-38 426 -430 47 -157 -265 65 488 -151 -321 -95 176 -499 -411 -207 -438 -161 -102 -291 309 -357 -69 -405 74 -321 497 143 32 -113 389 -130 289 -65 420 -294 470 408 -500 450 226 -248 230 -396 376 120 448 -120 135 -140 78
-65 -468 190 -410 -431 -50 378 70 -324 339 226 399 -297 -116 423 -40 -387 -274 -106 236 208 263 -303 -270 125 -116 -82 -344 -19 61 172 -301 176 4 -288 -262 40 -319 -322 364 -280 -173 354 182 -102 -138 157 134 -84 62
136 -109 497 429 140 439 -133 170 166 499 -473 -346 426 -236 -478 -85 -236 -424 52 -304 -389 435 175 -18 214 -409 258 5 -481 -481 238 -115 -145 208 386 101 -304 143 -257 160 -210 -32 -195 480 -405 161 -182 382 -50 151
279 259 462 24 89 88 -444 435 -95 -443 -100 209 358 -245 -62 314 327 -416 97 -456 437 0 -213 -484 -345 7 -266 -203 419 130 236 198 131 64 -83 376 -161 -14 141 403 -266 -186 -463 215 -208 164 -76 118 -59 304
175 148 -86 108 47 74 -431 202 -447 -130 142 -195 -254 322 -81 260 468 -496 117 94 -99 -402 492 251 -283 -338 144 312 282 199 203 -184 -224 -390 -19 59 41 -253 -70 -412 -164 159 125 -231 455 -286 182 -352 -323 -225
-434 475 226 -470 -3 267 466 39 -54 225 -369 -210 357 -480 22 -193 347 -439 -249 46 -374 -326 398 125 -207 -418 128 52 -161 165 -4 -52 35 -171 -313 -466 -233 -219 447 413 -394 -298 331 429 276 471 203 139 -63 292
-381 -437 -496 -495 334 -334 -372 182 -170 -15 -113 262 -32 -384 81 -263 107 -284 405 94 -420 11 330 -55 89 79 -450 41 -470 217 -439 444 -285 -5 -30 -393 341 -194 249 280 240 309 -263 117 -285 -231 -375 194 -436 -243
237 -324 -1 205 -100 -275 -14 -322 -18 438 179 -246 -93 95 -300 -459 -330 -122 446 -234 -190 298 424 -170 419 -230 -380 402 415 -293 49 -315 294 -365 354 82 436 84 423 -198 277 221 192 -467 -227 -279 162 439 326 -250
-488 112 -176 238 -83 -378 83 -268 361 294 192 -80 -115 -334 377 52 -159 -433 496 451 265 -57 -145 -287 -296 -109 359 90 213 225 319 -396 -341 358 9 262 415 312 -399 289 -328 -490 -387 332 396 304 133 357 -323 140
-201 39 444 -120 162 -391 15 298 -17 -422 -286 -418 -73 79 145 145 184 11 9 451 372 44 -197 171 277 -112 33 -483 -412 222 -43 -429 114 142 329 -500 173 -245 -415 390 153 -271 490 183 -262 -434 430 331 242 110
-491 413 -356 -166 -107 135 259 -461 -365 -440 -255 457 -182 132 -80 -303 -297 320 -314 -293 -26 134 -304 -440 -116 -490 140 66 -486 -168 -168 -356 120 295 358 -147 -428 456 -271 113 -413 122 -174 332 -296 -93 200 -214 376 -386
-395 16 178 381 -88 -294 -411 -331 -193 -155 -210 -158 76 -85 -94 -161 121 34 318 -142 -389 9 -467 183 122 -66 306 246 -185 19 172 -86 11 -278 434 -204 -247 -204 -78 -330 297 174 -165 -404 -121 -430 341 242 389 228
178 396 -392 164 -386 -115 451 -244 429 -336 40 -265 58 498 -320 -470 398 162 -483 -160 293 249 456 132 -28 81 -107 -281 -59 -193 -124 -423 472 172 -21 -272 302 354 -296 326 147 317 -411 104 157 -191 138 -256 -235 79
494 60 244 -354 -380 181 45 312 311 -31 122 -82 153 -55 -165 -387 -252 482 143 -405 43 183 50 332 126 219 -196 192 160 497 -485 50 -294 78 -29 299 174 5 374 -388 -105 -170 -483 383 435 -175 -132 -462 -232 408
-54 -305 -267 -251 -178 104 216 -176 -91 482 222 428 -225 469 -48 -161 2 -186 -2 -455 -188 98 111 250 313 318 192 -424 95 -338 376 -296 -411 337 -123 -282 -131 -219 -138 399 464 253 373 -338 -163 141 -58 97 -254 -208
-341 137 265 -430 -227 -353 443 145 116 163 437 192 345 300 148 449 105 -223 -102 -146 -231 136 259 169 -275 326 -126 -486 220 446 -425 -165 -209 -272 80 -325 296 -219 -383 442 -442 -15 247 -158 -6 366 7 214 53 -173
-108 -190 294 -170 72 135 110 392 414 -132 -69 -199 254 -80 -471 -112 140 431 249 -194 319 358 -419 -238 -464 -219 -489 32 -265 -447 275 -236 143 187 332 234 -231 77 -220 -293 345 455 -26 264 -497 -244 37 -143 441 435
-457 67 275 252 -344 39 389 262 27 321 -227 -101 -448 327 -154 290 495 -294 493 -213 260 176 456 -410 -416 -3 87 406 417 320 -318 455 225 137 -452 -418 -132 420 -424 331 -184 123 -187 -457 -307 -12 -235 269 -78 211
-319 -322 434 -309 -110 12 72 -314 60 -485 -371 -312 121 239 -61 -370 -423 104 197 -338 -216 29 123 -473 166 64 -85 -148 353 -301 -479 -271 -85 -150 382 -301 387 -117 -393 385 215 92 -102 315 13 -231 -441 -393 -440 -149
467 333 121 309 -220 109 365 216 -69 -373 -352 -172 -74 -490 -336 106 485 -197 357 255 340 -255 -55 50 -3 361 -244 -469 109 -311 -481 486 -147 -492 -26 -304 343 238 259 -305 205 -175 138 -489 -253 53 421 62 -52 350
66 -420 -238 -368 -470 386 485 392 155 179 185 319 -160 -16 235 -54 -58 62 122 464 184 23 431 4 394 318 -51 -257 78 -264 404 -80 -219 235 -284 434 -161 -326 498 72 -93 -90 -236 -275 -47 154 -253 492 342 195
-162 -143 298 151 -412 -24 -462 495 89 386 390 -156 -353 22 -136 355 -290 -165 -111 -298 -393 -41 -459 -427 360 377 -27 -487 335 -76 -259 -499 390 419 -213 58 -382 131 -262 154 167 275 213 78 -492 -312 267 -51 -316 96
219 405 -356 -53 -453 -321 -380 124 372 -47 453 244 118 135 -208 247 313 217 440 116 -308 -243 -371 -61 -442 -239 -362 255 160 -152 -361 375 -132 74 -241 -310 -78 -195 -170 -413 216 -353 -476 377 -158 -163 -252 247 408 -53
-396 -65 150 443 -152 272 -188 105 90 397 97 -420 -390 -442 324 -69 362 314 -386 170 236 206 360 -113 -262 140 -184 256 -156 73 -315 357 -109 -451 -156 -485 -400 473 32 264 79 268 302 379 -316 322 -490 -371 480 497
-227 -192 62 -155 -229 304 -155 -497 -271 -298 -437 311 382 387 -473 -57 -139 -390 440 -290 401 -248 477 266 364 -462 -244 -167 1 259 -328 157 -133 45 417 -481 192 -271 -42 53 247 -94 175 187 -46 20 -20 206 22 -187
-121 -67 -219 139 -171 77 -199 -377 268 -410 -148 218 -296 -359 190 95 423 3 252 -228 -297 -126 -206 -47 -4 7 -291 -183 -58 323 -270 446 299 -252 -240 84 -264 -288 227 63 -329 480 402 -495 433 -372 -213 98 -340 359
-316 142 360 -464 428 -97 96 89 -52 -45 441 -394 -371 335 77 -361 -354 -29 444 106 138 381 -31 323 -29 -184 490 -310 26 -227 24 290 391 43 190 -206 -6 313 424 -463 301 -169 -462 140 -445 -7 -338 409 -225 475
86 -386 428 203 -36 97 -139 259 -348 45 44 257 360 -60 -333 129 -88 -329 272 386 -181 -399 -403 89 -467 179 491 -132 -335 -373 290 427 -10 314 -233 -29 404 412 -300 314 -424 -469 -147 108 -124 62 498 -344 102 194
-210 367 453 -39 -57 -363 -63 -161 281 -88 65 238 -351 247 36 349 -111 -421 453 -379 193 356 375 249 43 24 -317 155 -210 -74 321 63 -194 -311 -395 -248 348 294 -398 13 204 -336 -21 235 -482 363 -356 113 -344 21
