20 24
291 255 -57 -151 435 -471 436 -184 -249 352 263 406 49 373 86 436 -489 91 -479 -156 74 173 123 -41
342 -450 457 -250 -262 -314 -157 -271 450 -131 144 -357 248 186 365 230 219 -368 -396 -341 -220 220 -448 66
-158 318 1 4 400 -477 474 -128 -218 14 -334 485 -212 36 -158 177 138 446 91 -371 426 -492 353 -60
342 383 178 251 87 -109 -281 395 -138 -125 -116 91 471 -3 -234 80 416 -371 -45 -215 -329 -413 -12 -289
182 213 -207 -168 269 -499 208 -423 -427 -330 143 -71 -349 491 22 -189 -499 -408 -182 -335 -328 -467 -213 217
421 -291 468 -82 263 445 -371 -416 -312 -252 -465 -77 -416 -285 -402 -336 13 274 -394 374 -300 305 151 -124
-366 110 -79 452 -485 -436 270 140 336 305 242 -92 374 356 435 -187 253 -370 424 -89 -127 31 436 -440
28 85 344 86 -40 -23 252 292 494 -163 -485 439 43 267 -116 -366 -324 -12 -282 -85 -109 303 196 168
-192 153 -396 -62 -429 -455 445 210 8 19 -85 291 5 136 11 -396 -252 -432 138 -60 -322 -274 76 19
-480 -245 3 -100 105 266 -27 178 496 455 474 175 -90 -167 496 148 440 -307 -275 -263 -275 30 458 -23
332 -455 387 279 -31 -49 296 314 384 -49 -95 104 40 22 -419 -14 -72 -91 -6 444 188 168 75 -129
337 498 -176 410 339 -427 231 -143 15 -126 355 343 -77 469 404 248 430 -397 -85 -293 -444 -298 -350 -341
301 -428 -232 50 -90 -332 294 242 -299 199 279 423 -149 349 -26 -445 432 22 -231 -264 -252 -261 274 481
138 79 246 343 -107 -32 315 207 122 460 473 -220 -108 123 262 186 126 480 389 -147 80 -399 -102 380
-138 253 492 -481 -300 -141 319 245 -259 -256 360 449 335 -57 -461 496 140 394 332 -268 376 -215 -98 -278
-484 301 135 -440 -400 -461 -281 -264 343 430 -404 -366 330 -460 -332 270 -175 -82 -267 283 -115 410 179 215
226 -323 442 119 -39 127 392 318 -468 430 -362 360 256 377 393 -477 125 -228 -484 355 -304 334 -376 26
-136 226 -59 -11 257 7 -496 64 120 -297 392 223 -468 336 -113 375 482 -76 438 196 -116 369 23 -349
-315 -251 -26 243 -209 -429 142 -201 361 209 -452 388 -276 -166 379 193 -384 390 408 186 107 341 46 418
43 356 446 159 19 351 332 -415 83 -335 102 -36 9 27 -367 -456 -460 -136 451 233 426 443 -256 250
