70 80
432 -401 -116 -39 65 -120 332 163 152 -473 347 -388 338 185 474 -34 312 -116 -22 251 124 -101 421 -261 -283 -426 -266 -494 431 250 11 280 -249 493 -237 -66 -485 377 123 219 -147 342 59 103 227 205 113 -135 210 -141 357 -319 -400 -442 0 -150 182 472 112 17 422 115 212 90 -19 191 91 442 -493 331 -308 -258 -394 465 -347 131 475 -91 -109 5
-61 491 496 152 459 409 110 385 -362 81 325 -481 140 362 -10 -57 -364 -53 229 294 190 -295 -428 -454 414 -395 -58 -330 344 -486 132 -7 397 -383 -151 -401 -258 371 -386 401 -417 -451 -77 -71 365 307 75 -33 -471 -12 -361 327 -461 -57 194 164 -406 126 452 -163 -498 60 331 374 440 -43 -145 -331 -189 221 -453 484 -475 316 47 -473 326 -347 -57 127
-358 -354 37 -312 -483 340 -471 -388 -114 317 42 89 31 67 8 -294 465 -196 -149 420 119 -243 -481 -126 -309 -166 -356 -490 -326 -159 344 466 -185 -73 -86 -476 -233 -51 343 58 353 -414 484 129 -213 199 352 -84 317 227 -452 41 -81 -66 -199 -387 79 -251 484 -230 460 -86 -239 476 56 -223 302 472 76 -384 -453 499 298 -412 400 467 -392 481 -6 -132
409 -457 68 29 283 93 -460 -468 163 -254 -213 -8 325 120 83 -56 -487 408 461 294 -115 -205 -370 -150 -188 -496 -318 499 -133 425 -180 -475 332 -265 333 -210 165 396 -105 169 204 188 227 -142 -194 -316 311 -434 -156 234 467 190 -297 459 -63 375 269 457 21 31 -112 168 -338 -279 1 255 375 -239 127 -84 -425 380 -112 335 100 -487 457 470 62 326
379 -358 -74 95 89 259 -29 -207 -154 -396 380 121 406 -97 -468 -51 -409 211 -287 381 -273 -463 -426 4 62 -295 238 40 -189 -218 -300 243 -433 -245 -60 410 -377 -273 134 219 -81 195 445 44 441 235 -334 -122 218 -149 -495 -158 -170 484 276 249 -342 -455 -429 435 -136 -483 -443 -155 -2 -132 -58 -3 -360 332 101 -229 417 323 -409 -457 -366 -307 315 -246
-5 65 205 81 413 446 -429 -67 303 -19 79 355 -243 69 437 -64 -227 -403 135 33 -161 37 -69 372 429 356 294 -130 438 -137 -153 279 -401 -426 470 -20 330 76 -167 356 -22 88 -58 -413 475 -471 417 -100 -156 405 -62 257 -108 3 110 57 492 -1 195 -92 296 -112 242 -157 -480 2 -116 -220 427 233 -230 261 471 399 33 158 67 -57 376 -275
-170 -266 -322 13 110 -168 421 278 -89 281 -242 134 -104 -175 -215 -106 -298 -467 395 -286 396 -432 397 413 216 -114 279 -21 -409 -497 -238 121 380 -395 368 278 -60 299 368 -250 -381 42 -295 128 -369 53 232 -5 -204 467 275 -203 111 465 0 350 432 -298 -92 -55 324 95 -328 103 469 186 217 81 -376 -425 53 67 -49 -50 -486 -57 198 384 48 391
-435 171 184 4 91 -346 168 -48 -286 391 176 137 262 -52 393 -70 -156 323 -482 461 333 -110 -288 -219 -454 -353 435 -328 -307 -444 141 345 -2 -494 337 -80 -229 -24 291 426 -105 413 18 -18 -28 242 -375 73 -280 -207 -72 493 -48 -50 464 -329 414 131 -334 -76 -497 -120 454 -450 -162 -263 180 355 -471 -211 372 332 95 -447 43 -176 -305 356 302 326
-89 -268 -447 168 29 328 -460 60 -150 371 410 -16 152 -375 399 74 235 -330 -486 -388 -97 334 -393 416 -474 447 -26 224 436 259 -35 -145 -444 473 -331 407 -68 391 351 -302 -294 -157 -240 -346 -330 -126 -281 -331 211 -329 -437 -293 -100 -149 -233 376 99 48 260 -86 161 424 127 -10 -438 231 448 436 165 351 -235 177 -67 208 -167 185 132 330 74 -274
-488 338 252 -174 438 124 159 359 174 -290 128 -137 -165 149 -500 24 -473 486 343 -98 59 -322 155 -99 80 224 22 345 -322 282 -92 -255 468 30 -138 -352 -439 479 -445 -199 -417 207 -16 -1 216 -70 -173 119 -157 -494 -218 272 360 399 75 313 78 -406 -466 450 78 -18 -96 118 136 317 -476 -431 424 493 -485 -184 302 -335 -3 69 398 -324 467 -213
-469 69 -243 -412 -36 410 379 245 207 -336 -348 -227 441 472 -115 101 248 -104 343 216 -245 -227 255 -122 353 126 -75 -224 -445 252 360 -297 338 -38 84 -100 -484 435 315 -60 -242 -220 333 193 -382 263 51 87 84 275 93 293 -80 354 11 49 426 26 -183 -199 413 -161 -105 -388 -215 -74 159 -374 253 364 65 357 -251 -334 147 -193 -354 35 -264 133
84 -19 -226 -376 474 -151 463 434 292 191 -123 278 427 -81 -94 -399 147 462 196 -115 -300 -376 -186 302 -497 -437 -47 74 434 -135 159 293 -488 -91 276 -303 -253 -144 140 -103 -413 -311 -408 -298 -86 -190 -229 197 289 142 -132 -2 216 347 -416 183 -8 -238 -352 49 246 -449 402 22 -47 421 -368 -378 -94 -284 -413 -124 -273 -356 225 -114 -316 -304 46 -263
328 44 373 -429 -283 -302 -310 -378 402 -355 185 484 175 37 204 293 361 -346 37 326 -276 -44 33 489 262 -395 74 211 294 393 -91 -201 -345 -224 41 119 353 -167 -90 -488 -96 235 -241 491 -28 -469 -88 -489 207 346 146 -398 484 -462 -435 -402 306 127 -301 -169 -66 -139 306 -360 -196 -100 -10 404 306 -122 -91 484 -85 -71 161 -117 43 240 199 -254
297 321 -51 -101 -66 -55 -186 -295 359 -264 360 -187 482 140 99 -214 -486 425 -352 382 144 163 -454 47 385 21 38 221 -213 -33 236 -31 -483 461 191 57 -4 -82 362 221 -444 -19 227 -237 -266 14 158 226 301 212 207 93 63 70 125 160 -347 -160 -381 339 -484 -287 319 -66 -42 -49 -276 -54 -261 420 51 -24 293 78 -23 -245 -4 -1 -435 -29
-308 -191 294 16 -292 -30 382 -453 -197 -389 208 212 227 -24 -367 396 -251 -304 217 -389 -58 -71 -78 -330 475 -131 163 -367 -411 414 -491 202 396 298 -114 -342 -166 -248 -414 162 352 34 -220 -65 48 107 482 -36 344 95 102 440 25 -456 -443 16 436 -64 -276 -481 -204 62 -210 60 473 75 -124 69 202 21 -408 154 267 -326 -159 -368 -442 -493 6 318
-240 -466 -133 431 -191 -366 -67 104 -479 306 418 -42 469 85 202 484 -287 267 -12 -154 -490 -378 406 -402 -196 -425 14 51 426 28 -307 -235 436 143 364 200 -167 158 495 220 446 -200 226 -316 131 -293 62 -358 137 -282 189 -206 -157 48 -88 201 -21 -434 25 217 -379 -408 389 -146 127 -442 154 182 32 -444 -258 256 -216 -393 -291 427 369 243 433 137
-409 -239 407 75 -224 -147 70 -180 -285 -434 -53 -479 246 113 -169 30 -425 -16 245 121 -231 -350 446 427 -364 80 68 345 -161 -4 -369 247 273 101 -242 -420 66 -210 -79 -212 486 51 4 60 348 344 313 -410 269 -220 -372 451 309 192 107 245 -16 -18 137 -30 -198 421 333 -337 -431 318 -356 129 280 -425 412 304 -367 111 430 326 -451 -249 -221 248
386 -43 -432 -272 332 -231 -209 303 184 412 -22 -260 289 -455 -498 -203 -142 -108 -391 -230 -353 299 448 412 446 -49 487 -230 -384 -458 -31 -24 266 406 -184 -165 -33 453 97 -68 -266 133 301 -431 327 282 73 364 -217 -206 -97 -134 -422 113 -491 288 191 473 318 427 73 288 352 -435 -366 -417 195 -149 -388 -411 139 391 -245 50 138 220 -162 -175 188 -64
280 162 -37 50 316 382 224 -257 189 481 -35 -498 409 397 11 -239 -374 60 37 281 297 -331 338 158 287 -122 -7 317 471 -111 437 69 111 57 -93 -436 456 211 337 -382 388 -472 -337 -249 -493 -83 -253 327 -414 335 -260 -246 237 -293 -404 413 -21 29 -444 -160 -99 81 251 308 171 452 377 -236 465 107 90 126 -150 360 296 -317 354 248 -32 -43
-221 -144 255 -414 342 276 68 -313 52 -285 -54 210 188 -259 -295 -478 -344 414 -314 -100 -167 35 457 -166 216 -69 22 -241 432 463 411 182 197 265 -112 227 -433 -440 -109 -389 -4 -64 14 -112 85 -284 -420 -397 242 483 43 -424 -172 124 -471 486 -335 382 -167 129 -40 -217 -98 385 343 -416 211 270 411 92 -341 310 -113 -407 42 -379 280 171 409 219
369 -187 -118 -186 304 453 89 -55 -310 -239 -419 -436 -61 125 37 -175 -370 -64 -58 446 215 -199 147 4 -487 135 155 125 -466 -53 -36 -81 -324 -96 219 275 213 -209 322 81 361 396 -274 367 136 382 -403 -271 -301 -42 264 207 249 206 271 -303 332 -69 135 -493 -18 4 -159 415 216 91 -364 -449 -491 -392 185 -434 -462 446 -163 -375 268 -437 418 436
-476 440 -310 -284 -202 295 86 -95 -310 -354 431 274 -462 366 -378 -239 -58 414 -282 348 465 -367 303 170 -334 174 -33 -62 48 -254 193 330 -10 139 -397 307 413 416 232 -131 145 419 -366 -55 -78 192 485 314 -305 -312 -372 252 91 -51 -293 246 47 498 -471 414 -13 -345 389 404 -301 72 13 486 -450 -257 -456 -150 -132 -94 326 124 342 40 12 -344
108 79 -335 411 -190 28 -222 224 111 423 243 379 224 -437 426 -16 345 471 77 -342 188 -346 -4 -365 221 382 -152 -422 347 25 -211 -101 216 -402 21 -277 -403 313 243 -207 450 -257 -482 229 -471 -280 264 -317 -98 279 -315 78 -14 488 300 347 -455 152 395 421 -357 123 404 448 66 336 -300 -214 227 -310 257 -140 -91 244 -197 23 92 -347 -395 -241
-146 467 -51 137 183 -172 156 430 288 45 206 -375 18 477 -387 -64 315 393 155 159 24 -38 146 169 -488 279 -346 -47 -102 -164 367 -405 106 -62 112 493 6 257 498 -332 141 -495 -237 -105 337 37 395 -440 76 289 -148 160 -200 -357 -303 -17 -481 201 246 -268 246 229 14 -86 363 41 459 176 271 -325 -109 65 216 -73 -293 230 -443 -44 179 -215
396 344 -199 -496 -81 247 -470 339 450 -450 416 220 -272 -308 -258 -467 -417 -171 58 298 -95 -450 -369 53 -382 264 -400 -127 222 193 -190 -227 36 -7 34 440 334 254 261 6 -345 22 -367 74 397 -188 184 -57 -187 358 177 408 -16 -37 236 402 -210 -110 -250 173 -177 109 40 -61 -382 138 -381 328 -23 26 -282 -373 124 234 -391 -468 -133 16 201 410
-189 -353 81 4 -80 357 -66 -425 -266 328 -77 374 -231 85 -170 -57 336 10 -197 435 -103 -397 -211 474 -262 -27 32 342 -326 -56 -165 9 52 -264 108 436 230 99 116 -73 -97 -420 14 395 311 136 36 281 336 456 283 363 -490 208 411 -260 -81 236 -387 332 486 -301 16 63 -158 141 405 -332 -183 -411 -492 295 -461 -85 163 54 24 159 -82 458
-239 -334 -108 234 224 129 -423 432 -150 -489 -427 22 -498 -114 -124 427 -299 -159 -101 -378 -192 202 200 406 -350 133 -84 -370 260 372 -72 130 -255 466 -114 334 443 409 156 -472 -67 455 492 -123 321 408 -330 424 445 -350 -38 72 -178 415 -481 319 296 8 -324 97 -258 -453 -98 447 -300 103 185 405 -152 14 -246 -345 -140 454 -422 170 -9 -288 -21 23
-82 4 -13 -161 399 -53 365 -43 -135 -439 304 402 -382 230 39 341 -418 -4 149 -74 123 44 -385 -153 421 -5 -486 -307 484 -315 -256 -175 -233 -356 -428 371 -249 235 -208 -167 129 382 288 185 -146 -191 183 486 -45 352 219 -163 -43 484 313 296 79 422 -257 431 184 240 203 167 -319 -476 238 -480 -116 -147 392 264 -50 -250 -67 240 151 68 -138 210
212 -171 488 -357 -317 17 -11 384 358 -244 -107 -433 497 -109 -281 -282 -305 275 -42 10 -125 -483 -430 -399 -212 386 402 457 -40 -472 283 181 160 214 -95 -401 292 -211 149 -36 -434 465 10 -389 33 20 -271 486 -11 -336 138 335 -461 -364 52 -10 333 -344 38 437 -390 492 -323 465 -78 22 291 220 201 -34 -476 -429 -292 -437 -83 248 190 -17 439 382
-278 119 37 139 213 -142 250 -431 284 445 -224 -208 356 -294 99 -362 483 305 -49 -357 353 -287 159 -144 173 -187 -458 -443 -306 129 7 160 -280 334 -320 -358 -323 211 158 -275 102 -334 -384 229 -488 304 166 -277 -209 122 375 -288 -291 -219 -106 -201 330 -11 -176 -438 -360 304 77 59 -338 221 -134 -416 -428 172 42 348 -214 295 -30 -154 -187 -206 -91 436
196 -493 -366 -283 -292 400 141 -343 37 -138 -179 -422 -269 486 389 81 381 -289 -395 -382 -107 24 -341 10 -352 -156 423 60 -436 439 112 170 360 160 320 137 -226 108 -415 108 -373 -155 -155 445 299 -418 442 -272 360 -142 264 -491 -301 -192 485 110 201 283 -339 24 86 227 64 344 231 -203 201 374 -12 -8 -114 -490 435 -74 -68 329 -370 82 441 -354
-494 396 225 -374 471 307 -153 132 -59 -333 -477 390 -489 483 -250 490 -376 464 224 -290 465 -9 -111 -476 -451 372 -310 358 -232 -130 -234 478 244 154 -366 -374 -28 36 206 369 278 167 224 35 -29 133 -167 126 423 -172 443 -1 497 -340 320 216 -4 296 197 -96 50 398 234 364 272 -107 -442 -214 440 -297 -56 130 421 -471 -157 303 224 -288 241 -205
126 410 -305 -73 319 275 68 -356 -416 64 -432 -97 304 469 -244 323 -146 -15 -125 -328 145 -343 249 414 441 10 383 314 -347 -105 -5 297 -360 -3 73 -196 -13 484 390 136 -241 495 173 480 400 -334 469 -233 -439 -106 89 -84 -55 459 -136 74 -262 -254 -54 235 -303 -152 -355 279 91 -434 -278 -118 -46 -259 223 -58 -176 -243 -153 436 128 475 -4 473
467 119 155 70 337 -228 101 257 -40 -171 175 -23 -276 -437 -77 71 -41 -48 259 -30 -237 293 -82 -195 51 -411 318 -445 -306 237 241 305 448 -294 -302 131 -95 152 494 -349 95 -307 -73 292 22 -456 213 438 -478 -16 -364 489 -237 36 -395 412 489 -124 344 279 -64 -355 -285 249 -106 448 -343 -145 333 28 460 251 -129 -215 65 -309 471 -452 260 -297
-87 281 -246 447 -229 -241 320 464 -376 154 366 248 -27 314 123 422 442 51 134 465 -5 219 44 -421 -173 353 -226 -79 -218 -292 361 128 284 305 284 204 -258 107 -181 -150 -420 -122 -218 -487 -123 -426 478 -183 -448 43 -339 269 -445 -187 172 28 -498 -39 -341 -121 170 -430 -480 220 -76 -492 -292 -431 -486 -392 -49 433 -70 -295 474 -82 -390 -144 -188 -55
31 259 78 -152 -94 -419 332 -154 -220 75 -127 -395 386 367 -249 -247 52 -454 -356 96 244 -451 -291 -56 324 -216 -20 -260 -430 -299 118 -473 -353 82 -49 -440 -447 -30 160 78 -29 -28 -50 -154 -247 41 286 60 61 60 -439 -127 -96 -95 369 305 -15 382 238 -286 -469 -133 -460 -426 279 -54 332 326 311 195 103 -238 144 375 351 333 465 322 187 -161
-361 -354 -166 -239 -397 -500 288 74 -154 -363 -248 -155 -190 297 -364 -256 -131 393 -291 485 -431 284 -273 -239 102 -82 -476 -108 113 -226 261 -342 89 -8 444 -479 -58 -96 58 -329 157 -46 -74 -304 -456 -207 368 -392 -29 66 488 -143 406 441 -20 131 -383 456 184 404 -295 196 -167 406 -281 89 -374 450 -402 -131 -113 -153 181 331 -248 -152 -431 243 -9 160
-253 -365 -433 -349 -269 351 -429 386 -180 381 -179 31 198 455 -71 17 -234 -391 -312 -277 -29 129 -168 -43 -95 -124 293 -437 38 275 412 351 -406 -363 -79 142 114 311 111 316 -135 -272 205 148 401 317 -337 488 261 -192 235 -160 337 3 -58 -374 -260 -230 -295 -316 176 342 65 235 354 482 238 281 -379 200 -79 -396 401 259 -397 -165 -205 -97 -57 -197
50 -466 -297 -69 -179 -246 -70 163 -325 246 -88 -329 -371 470 408 -31 -8 -63 -3 111 -97 -27 -404 -80 -14 -140 -55 -493 -347 358 -206 45 114 -499 400 -363 -369 486 459 -132 -295 260 -262 472 152 77 18 -400 401 -330 41 412 352 -355 356 47 -255 406 306 -257 207 -281 357 87 -3 295 -403 -459 472 -98 -40 -461 69 -213 10 -73 366 -409 176 265
457 -322 -351 431 -446 -208 -18 -338 -32 472 -8 126 -355 -426 123 391 -443 46 262 265 10 435 -332 359 411 -168 -458 436 116 -270 -291 160 64 51 0 379 422 -196 101 -346 170 403 261 84 -459 -480 -496 115 459 -283 -478 391 91 -296 -407 -405 -29 -227 -197 156 -269 -199 -429 310 -498 -202 -353 -290 479 -436 134 166 246 288 -130 -476 321 359 295 202
-269 -348 -452 223 -319 -278 -495 325 103 -234 -316 -239 -36 -482 -229 304 -297 -232 405 435 16 228 118 -429 -337 92 -185 344 245 23 342 -222 -334 259 299 138 1 477 -484 -403 109 334 -210 -486 -318 204 416 -242 374 -121 -141 227 235 -96 -164 -341 -464 -316 -197 312 -2 205 -124 -66 151 -141 275 -420 373 -282 -486 -248 422 94 -299 230 321 -232 -267 336
128 -255 -319 168 -319 147 -230 273 29 319 -307 -14 47 15 426 238 142 286 -97 -406 136 -312 -447 17 3 284 -204 415 -131 233 -394 320 97 344 152 -336 -303 -231 64 325 102 107 350 -123 238 -376 61 429 173 296 175 -180 118 453 -429 -22 -422 408 -225 -398 310 132 428 -188 -164 198 232 404 -155 203 -426 -215 -174 -88 -330 -468 145 82 -387 -482
-277 276 -19 202 356 68 10 27 -323 -224 242 -257 -279 -212 230 -134 171 352 -335 84 -190 -352 155 -257 -154 -70 -105 61 -412 76 250 -48 410 -272 391 -77 -204 -430 -271 -271 -348 -50 -434 -151 -313 379 370 -370 -90 -201 -311 265 -225 -221 2 -327 -307 328 282 -428 -254 -119 -145 -268 -206 230 119 -361 366 446 156 -11 293 -20 262 -65 -369 -433 345 299
230 321 -438 -419 -239 8 -399 149 -162 -462 142 274 -231 -187 20 -356 -490 380 119 -316 52 -451 140 483 -120 -201 387 269 93 41 314 361 356 407 476 -482 -179 460 245 -290 485 -84 405 383 -75 406 -58 179 -469 262 -415 187 -389 481 -378 252 103 365 490 -92 -256 -481 -495 -41 230 -247 -208 401 121 429 92 391 98 -464 -15 -361 126 -23 -130 33
-153 463 -185 44 -394 -111 2 50 430 238 -255 484 241 -423 -238 48 -409 166 -191 -248 -273 87 -490 -14 -6 -475 -277 -247 -105 371 379 -136 192 23 12 -57 182 118 131 -332 -485 -294 -384 2 -250 -235 202 426 -160 -130 441 253 141 -188 -258 -310 -391 286 120 -54 42 362 -148 39 -174 -8 244 -420 200 417 -466 -229 256 -276 388 -410 -101 473 -353 55
-122 -207 -269 441 365 184 77 119 -56 237 -454 145 29 14 -469 -368 -209 -152 -267 98 169 -113 411 398 -394 124 447 58 -104 -447 -414 411 302 -109 -187 -257 -157 315 -171 1 25 324 335 -347 -485 -154 -449 127 10 -250 -393 -247 -150 -41 -315 -267 -91 -230 427 -450 -219 -169 157 491 -272 -226 404 -194 -103 121 -316 462 357 -35 19 485 -416 -451 335 -104
416 143 223 -214 -46 234 305 -428 197 -42 -12 -254 -388 74 445 -487 -193 135 -116 -45 -260 245 328 -370 -413 -157 259 327 -371 336 -476 -123 -361 204 203 332 193 33 245 13 -351 -212 -78 449 447 -83 387 158 -317 -392 230 427 411 120 182 -377 132 -284 -39 149 382 -415 447 416 -70 -185 330 -109 272 -359 -402 -486 -380 -81 -432 239 144 -53 -387 -47
-444 403 202 148 495 -332 -258 111 -170 485 -239 426 -252 188 350 21 -30 488 -65 303 -131 -18 -47 390 274 -350 316 -368 -24 124 -50 -248 -474 372 -225 154 367 108 -249 57 296 -459 -468 367 180 278 372 -264 -87 -22 145 -301 -196 -234 67 349 431 441 -31 286 -401 -354 242 -362 -56 461 396 85 -317 115 -297 243 316 218 236 -243 -176 222 346 304
-110 -166 361 1 148 -208 -28 -132 476 -450 454 406 -212 -271 328 430 -324 -104 357 -157 175 5 -122 -125 237 -115 -478 167 145 86 149 296 -449 -137 -12 -123 330 -479 -170 -302 -388 283 -1 -430 79 213 370 396 -388 310 28 -217 -153 405 -3 138 173 17 -441 -377 -467 -169 54 -21 -10 -149 417 -77 -464 -225 -6 95 -379 -347 -165 385 92 -195 376 108
90 227 -225 -54 -306 1 -340 176 163 167 -180 -29 212 228 -230 -218 -233 245 -132 -330 420 -37 -268 212 207 465 -102 73 279 -325 441 34 441 385 151 314 338 -282 -379 124 -211 235 -234 329 -12 -350 -361 288 -73 342 118 -194 -178 326 280 242 -294 -335 404 -486 -280 -487 -428 -78 -389 -133 65 337 -405 2 291 147 430 403 43 -161 -445 -487 423 -252
-49 423 -450 -204 -314 218 -176 -190 498 -294 -407 160 -27 -314 -461 464 374 -232 -36 -41 -134 -210 18 -400 185 88 185 61 404 196 416 -105 309 -446 316 -129 477 224 -68 33 -438 -200 15 137 284 -34 320 -484 -173 -380 160 371 254 45 -227 244 355 288 362 -203 0 481 340 -288 9 -51 -314 -273 -148 -185 -130 -344 209 390 -290 -315 -38 213 266 434
276 75 364 94 -332 -461 1 238 204 395 -147 272 159 -111 8 483 166 -391 77 -123 323 -500 456 36 358 -385 -253 148 192 -82 23 -47 17 -113 -117 237 -106 -10 296 -460 -227 -164 152 -238 -141 62 173 -217 -182 46 183 118 243 -126 -272 -156 427 -212 -348 -172 -177 284 -473 369 6 198 118 -99 -55 39 -174 -26 222 92 39 -297 -86 255 -384 57
22 232 155 -386 227 373 73 -400 51 -476 342 63 -211 -253 -234 -336 46 -350 -249 325 204 -253 -44 -126 -444 321 325 -66 -155 169 -321 139 34 -449 -156 219 119 -385 109 193 233 -403 7 -443 -173 323 33 188 307 398 -266 250 376 135 458 -398 137 -6 335 -201 298 -177 254 352 254 -15 -233 486 345 -263 -384 -190 -357 323 444 144 -334 -26 260 307
166 497 108 -441 196 -255 148 -488 422 -131 417 453 -446 388 -486 40 -430 139 -314 -264 296 129 341 -63 -325 93 81 401 242 371 29 -168 417 -382 -323 -39 -50 -394 -217 32 -2 -454 -77 305 -204 163 -390 -288 -415 -140 -397 -156 -233 -166 -306 -389 84 -9 477 -295 -177 -158 403 138 429 432 52 -454 -129 -315 -413 -329 -107 -384 -332 -64 5 377 481 -42
-275 -378 191 -302 366 -36 -48 -286 95 -344 -79 -75 63 53 -286 231 477 -262 -290 366 -172 -489 -271 161 -497 -485 485 278 431 -285 -432 472 -299 318 -295 -32 -492 150 34 103 -475 311 -335 383 18 -209 322 141 -62 -347 -389 232 174 -283 -357 -159 -343 128 381 218 -81 -14 109 166 249 346 313 396 -302 176 -308 -273 484 303 -369 -385 497 204 -330 -324
272 317 -71 -119 -224 -41 8 329 -69 387 -309 -79 429 402 233 -428 298 239 -382 281 399 -351 -385 -396 -16 327 -58 331 384 -16 293 132 215 -354 154 238 -193 -35 408 490 99 258 229 -72 -450 -472 -387 460 -264 18 365 324 -126 -115 -377 -345 -113 -425 80 265 -56 33 124 -386 -479 73 -409 306 -99 -262 -309 93 -470 -32 135 75 259 -332 -299 455
-491 388 -450 -380 -301 362 -345 -483 -418 -138 -234 -206 327 72 -265 -459 -409 294 -20 -178 -216 468 485 -50 -180 -430 -272 162 245 -496 174 -370 -254 87 -401 355 400 -454 -416 462 -184 112 292 190 106 170 -308 -186 -327 -271 132 -190 -387 -453 -256 -166 391 149 64 -95 -342 -375 132 -455 489 -489 -231 427 -404 -118 353 -253 -128 -364 59 -163 7 456 -339 -307
-325 55 391 453 -302 -357 221 -126 -212 173 -54 62 453 -434 -13 99 -395 85 8 413 89 223 -81 -233 -118 422 63 381 344 57 30 -106 -166 -27 -105 -102 410 429 358 9 145 290 180 -67 187 95 -32 444 257 241 -4 384 320 -78 -247 1 -42 461 347 -115 -398 -213 -121 -433 -17 76 374 -392 300 414 158 -314 -400 -358 227 -267 298 -463 -444 217
465 224 115 -18 13 -477 98 469 449 185 103 422 316 -329 304 57 59 199 -284 -170 -415 -23 -341 -471 460 -476 -268 31 8 -241 465 194 102 -491 -435 435 148 232 -178 267 20 414 -213 427 246 293 9 -180 -29 228 -41 -18 314 -348 -385 -473 -165 123 -203 305 -159 -94 -350 119 277 69 -84 -205 81 -173 -17 -285 290 385 222 444 247 139 261 264
234 -391 -317 -350 -252 40 -396 312 -63 -400 -320 174 306 -88 279 361 -117 -130 -417 -48 -419 -308 239 -213 478 -465 372 92 348 445 -388 -45 276 141 -494 43 287 363 -188 355 37 474 -301 -14 42 -213 -254 -33 443 -437 284 498 497 113 455 -383 -322 -251 -196 -175 -340 -165 -311 -187 430 -300 -86 -313 36 358 138 276 -212 -320 -169 -424 -300 32 271 395
202 79 295 -495 154 -35 256 -175 18 -48 325 -217 79 -104 468 70 246 390 10 -333 -410 67 196 236 -232 -211 441 238 328 -300 125 367 261 -480 -199 -165 -61 368 -56 -170 -290 249 50 97 -444 219 -140 -249 311 79 -55 214 121 77 -151 -33 -216 427 -238 418 -242 -332 437 468 -459 80 136 397 -395 236 193 -228 -437 -370 312 124 -347 -335 33 448
-415 -80 172 -262 161 332 198 28 -10 -444 174 248 -200 -443 100 256 245 -211 28 286 -136 -455 -452 -203 -231 226 -156 232 457 -420 -461 -357 -9 381 -474 21 197 -138 -187 -87 444 212 312 -274 261 -199 -183 -35 110 -37 -85 -297 -10 87 -87 361 406 -26 -306 30 -149 -350 -293 -446 9 108 -57 132 -88 366 338 -355 25 -390 347 81 -409 -235 32 367
-236 -51 55 -230 337 352 -398 -41 469 -216 189 -346 -108 388 -296 -307 -411 239 292 280 40 -297 -19 -159 -472 231 -365 -280 337 -316 -413 -448 132 472 42 260 156 237 -277 -309 -242 -20 376 -487 -391 174 -394 -474 357 -465 -62 498 13 -111 -256 -249 272 157 -141 -46 -283 210 181 -468 219 133 -166 473 -378 -243 -173 -390 208 418 4 62 428 -296 -404 -251
260 136 94 -191 388 490 240 -429 350 129 30 -410 -266 428 462 -236 218 289 -489 147 -300 0 -87 375 279 319 -95 -141 -140 -296 281 128 232 -31 439 -220 -260 -187 209 -160 373 -415 -300 -497 -41 497 -291 -201 -63 288 -223 165 364 -25 162 491 364 143 -257 320 163 -216 -306 -274 -214 435 -19 -258 -409 -381 -50 -314 -116 -276 -221 223 -110 -281 -498 -122
-64 42 493 -355 102 352 -381 -295 -263 250 -92 462 254 254 78 114 -230 419 -73 -189 256 373 91 89 -392 269 -165 -185 457 451 -278 -44 301 492 183 450 -256 -73 226 -341 -241 30 -328 352 40 311 -83 126 240 261 -146 469 471 -85 183 -313 256 -240 453 -371 223 8 81 -76 -374 -187 -480 -361 199 273 -29 -412 -227 -214 -315 221 20 -320 -195 -53
-94 -111 265 -279 -334 122 -450 -30 187 260 -263 310 319 7 -47 -76 494 -207 432 2 -199 277 57 269 140 71 345 480 427 -337 498 129 -77 -387 -133 -215 499 -265 -250 -55 -105 461 343 -425 214 -355 -343 74 333 70 -20 234 -252 351 390 -437 -34 224 -437 121 454 147 59 477 157 188 65 402 421 -177 -439 68 -251 -416 -373 418 -494 9 318 -71
-442 -449 -99 -3 26 343 147 100 168 240 251 148 303 10 -205 -435 -327 458 -397 -336 191 60 184 -335 42 354 -186 -292 176 -359 -250 438 -306 303 -6 430 -122 -288 128 -140 242 470 443 359 276 -89 -170 369 -239 -460 -76 222 -201 -135 -23 244 -198 -373 311 236 143 372 -173 -90 72 -416 -86 235 305 -231 -68 28 294 -128 53 203 -110 439 296 -74
-492 -11 -420 146 -436 -254 -27 397 -369 68 383 94 314 -46 271 -377 -39 -430 182 274 -7 275 -6 217 -234 -331 9 428 442 107 72 -104 -438 -348 456 -380 305 -80 -195 175 -482 221 291 -195 -12 -62 364 -390 289 -101 -73 -481 244 486 100 -71 247 428 127 447 358 -98 291 -50 -171 -133 -464 -120 -222 -269 -315 -110 -387 -154 349 158 203 -14 -450 -445
97 -177 451 -334 -405 265 -483 480 55 -285 50 452 -253 235 -159 82 306 -93 -90 425 286 288 40 -202 422 476 -7 -125 116 452 219 -40 246 263 204 408 392 79 -387 160 -316 -340 -188 35 224 -260 -320 -99 3 -310 -440 -83 -370 -22 407 -146 -43 436 36 310 -399 216 -249 -120 -320 -20 -129 -443 232 -119 183 -392 95 -335 -249 202 -21 -338 396 174
275 -407 409 -473 12 -114 -149 -209 99 -168 -172 3 -192 -458 -136 -263 399 3 216 -379 -260 365 -37 -374 109 -97 82 363 256 371 388 -166 447 253 -460 -325 4 -426 300 -334 -85 -205 -306 198 363 234 -53 -422 -372 14 -51 -390 136 -60 142 -285 -158 -403 -300 -366 42 -444 -7 -301 -91 57 -16 -291 433 377 -114 201 4 -285 -159 -342 114 -181 207 -12
